3 Ply Mask,Adhesive Bandage,Adult Diaper,Almond Oil,Antacid,Antifungal Cream,Antiseptic Cream,Antiseptic Liquid,Ayurvedic Cream,Balm & Ointment,COVID self test kit,Capsules,Chest rubs & balms,Cleaning Kit,Condom,Corn Cap,Coronil Kit,Cotton Balls,Cough Syrup,Cramp Relief Tablet,Crepe Bandage,Digestive Syrup,Digestive Tablets,Digital Thermometer,Drops,Ear Buds,Energy Drink Mix,Eye Drops,Face Mask,Gel,Glucometer Kit,Glucometer Test Strips,Hand Gloves,Hand Sanitizer,Health Syrup,Heat Patch,Inhaler,Interdental Brushes,Lens Solution,Lozenges,Lubricant,Mask,Mix,Mouth Gel,Multipurpose Oil,Nasal Spray,Nicotine Gum,ORS,Ointment,Oximeter,PPE Kit,Pain Relief Patch,Pain Relief Spray,Pain Relieving Cream,Pain Relieving Oil,Pain Relieving Roll On,Pregnancy Test Kit,Psyllium Husk,Shilajit Capsules,Skin Cream,Supplement,Tablets,Thermometer,Tulsi Drops,Vaporizer,Weight Machine
0,174,2,3,32,8,11,85,15,39,45,5,36,0,164,7,0,12,3,0,0,0,21,5,21,35,0,2,206,2,0,0,60,469,5,2,40,0,3,115,18,300,0,4,1,5,0,52,3,7,2,15,41,2,5,6,3,15,4,7,0,18,5,0,18,0
174,0,8,11,220,45,105,620,27,234,23,29,186,0,356,77,2,144,8,6,23,1,67,11,134,154,2,11,55,13,0,0,36,305,29,7,144,0,4,318,24,79,1,12,3,14,0,142,85,4,0,326,491,25,30,54,8,37,13,37,0,100,9,0,15,0
2,8,0,0,1,0,1,18,0,3,2,1,2,0,2,1,0,1,0,0,0,0,0,1,0,4,0,0,1,0,0,0,7,4,0,2,1,0,0,3,0,1,0,0,0,1,0,10,0,1,0,1,4,0,1,2,0,2,0,0,0,0,0,0,2,0
3,11,0,0,9,0,4,8,1,9,0,0,6,0,14,0,0,0,3,1,0,0,2,0,6,1,0,0,2,0,0,0,2,5,2,0,4,0,0,3,1,2,0,1,2,0,0,4,0,0,0,1,6,0,4,2,0,0,1,1,0,3,0,0,0,0
32,220,1,9,0,14,24,93,14,56,9,9,49,0,150,6,0,8,6,1,3,3,239,6,265,53,0,4,12,38,0,1,7,64,32,1,45,1,0,112,12,24,1,6,0,4,1,242,8,2,0,8,104,6,7,15,5,74,7,12,0,43,2,0,10,0
8,45,0,0,14,0,18,18,11,9,2,4,12,0,28,4,0,3,0,0,0,0,14,0,17,6,1,1,3,0,0,0,3,6,4,1,7,0,0,20,6,2,0,0,0,2,0,9,0,0,0,0,16,2,4,5,0,4,1,5,0,11,1,0,1,0
11,105,1,4,24,18,0,65,17,27,1,0,33,0,46,6,2,12,0,0,0,0,9,0,26,9,0,2,3,2,0,0,1,37,11,0,10,0,0,30,4,8,0,3,1,1,0,16,9,0,0,3,30,2,5,1,0,9,2,31,0,13,1,0,2,0
85,620,18,8,93,18,65,0,26,69,35,6,91,0,190,11,3,89,6,2,4,1,27,12,57,100,1,4,58,9,0,0,44,378,21,4,48,0,1,165,10,49,2,7,0,5,0,85,84,7,0,24,145,6,12,13,2,26,8,19,0,28,1,0,11,0
15,27,0,1,14,11,17,26,0,10,0,0,9,0,36,0,0,2,1,1,0,1,12,2,6,3,0,2,1,2,0,0,9,15,5,0,9,0,0,35,4,2,0,3,0,2,0,17,2,0,0,4,12,2,4,6,1,5,1,50,0,9,0,0,0,0
39,234,3,9,56,9,27,69,10,0,7,4,254,0,111,7,1,14,2,2,11,1,31,7,54,23,0,2,9,6,0,0,11,58,30,4,104,0,0,186,10,18,1,5,0,3,0,49,7,3,0,70,353,25,59,78,1,14,3,11,0,36,4,0,9,0
45,23,2,0,9,2,1,35,0,7,0,1,41,0,19,2,1,4,6,0,2,0,1,28,9,11,0,1,101,1,1,0,10,65,2,0,37,0,0,227,5,41,0,1,0,7,0,44,1,36,1,3,10,0,2,0,7,5,1,0,0,8,15,0,24,0
5,29,1,0,9,4,0,6,0,4,1,0,5,0,33,0,0,2,0,0,1,0,3,0,6,8,0,2,3,0,0,0,1,5,1,1,4,0,0,13,5,4,0,1,0,0,0,8,0,1,0,1,8,1,2,0,0,3,3,0,0,21,0,0,0,0
36,186,2,6,49,12,33,91,9,254,41,5,0,0,88,6,0,7,13,1,1,0,22,12,48,42,0,2,20,3,0,0,9,70,15,0,635,0,3,938,7,23,2,1,0,20,0,54,5,9,1,9,138,13,12,15,2,13,1,15,0,31,9,0,132,0
0,0,0,0,0,0,0,0,0,0,0,0,0,0,0,0,0,0,0,0,0,0,0,0,0,0,0,0,0,0,0,0,0,0,0,0,0,0,0,0,0,0,0,0,0,0,0,0,0,0,0,0,0,0,0,0,0,0,0,0,0,0,0,0,0,0
164,356,2,14,150,28,46,190,36,111,19,33,88,0,0,14,0,12,5,2,5,0,83,3,94,91,0,9,56,7,0,0,33,155,50,1,78,1,4,207,2686,59,0,6,2,5,4,197,10,6,1,24,130,9,13,25,45,56,91,22,1,72,3,0,20,0
7,77,1,0,6,4,6,11,0,7,2,0,6,0,14,0,0,5,1,0,0,0,4,0,5,3,0,0,0,1,0,0,2,7,2,1,1,0,0,8,2,2,0,0,0,0,0,7,1,0,0,29,9,1,3,7,1,1,0,0,0,6,0,0,0,0
0,2,0,0,0,0,2,3,0,1,1,0,0,0,0,0,0,0,0,0,0,0,0,0,2,1,0,0,0,0,0,0,1,0,0,0,1,0,0,3,0,2,0,0,0,0,0,2,0,0,0,1,0,0,0,0,0,2,0,0,0,0,0,0,0,0
12,144,1,0,8,3,12,89,2,14,4,2,7,0,12,5,0,0,0,0,1,0,5,1,3,40,0,1,3,0,0,0,2,26,1,0,4,0,1,7,2,6,0,1,0,2,0,7,8,0,0,5,17,0,1,0,1,3,2,1,0,6,0,0,3,0
3,8,0,3,6,0,0,6,1,2,6,0,13,0,5,1,0,0,0,1,0,0,0,0,1,0,0,0,1,2,0,0,2,4,1,0,17,0,0,87,0,0,0,1,0,5,0,7,0,0,0,1,2,0,3,1,0,0,0,1,0,3,0,0,4,0
0,6,0,1,1,0,0,2,1,2,0,0,1,0,2,0,0,0,1,0,0,0,5,0,1,0,0,1,0,0,0,0,1,0,0,1,0,0,0,1,0,0,0,2,0,0,0,3,1,0,0,3,2,1,2,1,0,0,1,0,0,7,0,0,0,0
0,23,0,0,3,0,0,4,0,11,2,1,1,0,5,0,0,1,0,0,0,0,0,1,2,2,0,0,1,0,0,0,2,0,0,0,1,0,0,1,1,1,0,0,0,1,0,0,3,0,0,6,52,1,3,3,0,0,1,0,0,0,0,0,0,0
0,1,0,0,3,0,0,1,1,1,0,0,0,0,0,0,0,0,0,0,0,0,1,0,0,1,0,0,0,1,0,0,0,0,0,0,2,0,0,1,0,0,0,0,0,1,0,3,0,0,0,0,0,0,0,0,0,0,0,0,0,2,0,0,0,0
21,67,0,2,239,14,9,27,12,31,1,3,22,0,83,4,0,5,0,5,0,1,0,0,82,10,0,1,7,21,0,0,4,27,23,0,13,0,0,63,9,11,0,3,0,3,0,152,3,1,0,7,38,4,6,20,1,45,1,8,0,35,0,0,5,0
5,11,1,0,6,0,0,12,2,7,28,0,12,0,3,0,0,1,0,0,1,0,0,0,2,0,0,0,7,1,1,0,5,5,1,0,10,0,0,21,1,7,0,1,0,2,0,24,2,24,0,2,14,0,0,1,0,2,1,1,0,6,0,0,12,0
21,134,0,6,265,17,26,57,6,54,9,6,48,0,94,5,2,3,1,1,2,0,82,2,0,22,1,4,13,18,0,0,6,47,47,2,45,0,0,125,12,18,1,5,0,3,0,185,4,1,0,6,60,5,10,10,0,74,3,10,0,50,1,0,6,0
35,154,4,1,53,6,9,100,3,23,11,8,42,0,91,3,1,40,0,0,2,1,10,0,22,0,1,6,8,3,0,0,8,53,6,0,20,0,1,58,8,22,0,1,0,4,0,34,6,1,0,11,42,1,4,4,2,11,6,7,0,19,2,0,14,0
0,2,0,0,0,1,0,1,0,0,0,0,0,0,0,0,0,0,0,0,0,0,0,0,1,1,0,0,0,0,0,0,0,0,0,0,0,0,0,0,0,1,0,0,0,0,0,0,0,0,0,0,0,0,0,0,0,2,0,0,0,0,0,0,0,0
2,11,0,0,4,1,2,4,2,2,1,2,2,0,9,0,0,1,0,1,0,0,1,0,4,6,0,0,1,0,0,0,0,1,1,0,5,0,0,9,2,2,0,2,0,1,0,3,0,0,0,1,3,0,1,0,2,0,0,2,0,6,0,0,1,0
206,55,1,2,12,3,3,58,1,9,101,3,20,0,56,0,0,3,1,0,1,0,7,7,13,8,0,1,0,0,1,0,19,238,4,0,23,0,0,59,7,219,0,1,0,1,0,23,4,7,1,3,24,1,1,3,0,6,3,3,0,10,0,0,10,0
2,13,0,0,38,0,2,9,2,6,1,0,3,0,7,1,0,0,2,0,0,1,21,1,18,3,0,0,0,0,0,0,0,2,4,0,1,0,0,12,0,0,0,2,0,5,0,21,1,0,0,2,7,0,2,1,1,5,2,0,0,7,0,0,3,0
0,0,0,0,0,0,0,0,0,0,1,0,0,0,0,0,0,0,0,0,0,0,0,1,0,0,0,0,1,0,0,4,0,1,0,0,1,0,0,1,0,1,0,0,0,0,0,0,0,1,0,0,0,0,0,0,0,0,0,0,0,0,0,0,0,0
0,0,0,0,1,0,0,0,0,0,0,0,0,0,0,0,0,0,0,0,0,0,0,0,0,0,0,0,0,0,4,0,0,0,0,0,0,0,0,0,0,0,0,0,0,0,0,0,0,0,0,0,0,0,0,0,0,0,0,0,0,0,0,0,0,0
60,36,7,2,7,3,1,44,9,11,10,1,9,0,33,2,1,2,2,1,2,0,4,5,6,8,0,0,19,0,0,0,0,99,3,0,4,0,0,35,7,19,0,1,1,2,0,13,1,5,1,3,17,0,2,2,0,3,1,2,0,5,2,0,6,0
469,305,4,5,64,6,37,378,15,58,65,5,70,0,155,7,0,26,4,0,0,0,27,5,47,53,0,1,238,2,1,0,99,0,16,0,48,0,2,139,18,353,0,1,0,5,0,70,7,16,4,19,92,2,6,9,3,13,1,14,0,29,4,0,26,0
5,29,0,2,32,4,11,21,5,30,2,1,15,0,50,2,0,1,1,0,0,0,23,1,47,6,0,1,4,4,0,0,3,16,0,1,6,0,1,22,3,2,0,1,0,1,0,28,0,0,0,3,16,0,11,3,1,20,3,1,0,27,0,0,0,0
2,7,2,0,1,1,0,4,0,4,0,1,0,0,1,1,0,0,0,1,0,0,0,0,2,0,0,0,0,0,0,0,0,0,1,0,1,0,0,2,1,0,0,0,0,0,0,2,0,0,0,6,7,1,2,5,0,2,0,0,0,1,0,0,0,0
40,144,1,4,45,7,10,48,9,104,37,4,635,0,78,1,1,4,17,0,1,2,13,10,45,20,0,5,23,1,1,0,4,48,6,1,0,0,1,1067,14,21,0,1,0,24,1,52,7,10,1,12,80,7,2,20,3,10,1,5,0,26,6,0,49,0
0,0,0,0,1,0,0,0,0,0,0,0,0,0,1,0,0,0,0,0,0,0,0,0,0,0,0,0,0,0,0,0,0,0,0,0,0,0,0,0,0,0,0,0,0,0,0,2,0,0,0,0,1,0,0,0,0,0,0,0,0,0,0,0,0,0
3,4,0,0,0,0,0,1,0,0,0,0,3,0,4,0,0,1,0,0,0,0,0,0,0,1,0,0,0,0,0,0,0,2,1,0,1,0,0,3,0,0,0,0,0,0,0,0,0,0,0,0,0,0,0,0,0,0,0,0,0,0,0,0,0,0
115,318,3,3,112,20,30,165,35,186,227,13,938,0,207,8,3,7,87,1,1,1,63,21,125,58,0,9,59,12,1,0,35,139,22,2,1067,0,3,0,22,63,5,6,0,28,1,181,11,15,0,36,99,7,15,41,5,33,2,8,0,67,13,0,68,0
18,24,0,1,12,6,4,10,4,10,5,5,7,0,2686,2,0,2,0,0,1,0,9,1,12,8,0,2,7,0,0,0,7,18,3,1,14,0,0,22,0,7,0,0,1,0,1,17,0,0,0,2,18,1,2,1,0,4,6,3,0,9,0,0,2,0
300,79,1,2,24,2,8,49,2,18,41,4,23,0,59,2,2,6,0,0,1,0,11,7,18,22,1,2,219,0,1,0,19,353,2,0,21,0,0,63,7,0,1,2,0,4,1,26,1,8,2,5,23,0,1,2,0,7,4,6,0,14,0,0,12,0
0,1,0,0,1,0,0,2,0,1,0,0,2,0,0,0,0,0,0,0,0,0,0,0,1,0,0,0,0,0,0,0,0,0,0,0,0,0,0,5,0,1,0,0,0,0,0,0,0,0,0,0,0,1,0,0,0,0,0,1,0,2,0,0,0,0
4,12,0,1,6,0,3,7,3,5,1,1,1,0,6,0,0,1,1,2,0,0,3,1,5,1,0,2,1,2,0,0,1,1,1,0,1,0,0,6,0,2,0,0,0,0,0,4,7,0,0,2,4,0,4,3,0,0,0,0,0,6,0,0,2,0
1,3,0,2,0,0,1,0,0,0,0,0,0,0,2,0,0,0,0,0,0,0,0,0,0,0,0,0,0,0,0,0,1,0,0,0,0,0,0,0,1,0,0,0,0,0,0,0,0,0,0,0,0,0,0,0,0,0,1,0,0,0,0,0,0,0
5,14,1,0,4,2,1,5,2,3,7,0,20,0,5,0,0,2,5,0,1,1,3,2,3,4,0,1,1,5,0,0,2,5,1,0,24,0,0,28,0,4,0,0,0,0,0,9,0,0,0,1,7,0,0,2,0,1,1,1,0,9,0,0,4,0
0,0,0,0,1,0,0,0,0,0,0,0,0,0,4,0,0,0,0,0,0,0,0,0,0,0,0,0,0,0,0,0,0,0,0,0,1,0,0,1,1,1,0,0,0,0,0,0,0,0,0,0,0,0,0,1,0,3,0,0,0,2,0,0,0,0
52,142,10,4,242,9,16,85,17,49,44,8,54,0,197,7,2,7,7,3,0,3,152,24,185,34,0,3,23,21,0,0,13,70,28,2,52,2,0,181,17,26,0,4,0,9,0,0,5,5,0,28,54,3,9,15,3,207,8,13,0,108,8,0,13,0
3,85,0,0,8,0,9,84,2,7,1,0,5,0,10,1,0,8,0,1,3,0,3,2,4,6,0,0,4,1,0,0,1,7,0,0,7,0,0,11,0,1,0,7,0,0,0,5,0,1,0,8,22,0,1,2,1,3,0,0,0,5,0,0,1,0
7,4,1,0,2,0,0,7,0,3,36,1,9,0,6,0,0,0,0,0,0,0,1,24,1,1,0,0,7,0,1,0,5,16,0,0,10,0,0,15,0,8,0,0,0,0,0,5,1,0,1,0,3,0,0,0,1,1,0,0,0,2,8,0,25,0
2,0,0,0,0,0,0,0,0,0,1,0,1,0,1,0,0,0,0,0,0,0,0,0,0,0,0,0,1,0,0,0,1,4,0,0,1,0,0,0,0,2,0,0,0,0,0,0,0,1,0,0,0,0,0,0,0,0,0,0,0,0,0,0,1,0
15,326,1,1,8,0,3,24,4,70,3,1,9,0,24,29,1,5,1,3,6,0,7,2,6,11,0,1,3,2,0,0,3,19,3,6,12,0,0,36,2,5,0,2,0,1,0,28,8,0,0,0,141,11,26,25,0,4,0,0,0,10,0,0,3,0
41,491,4,6,104,16,30,145,12,353,10,8,138,0,130,9,0,17,2,2,52,0,38,14,60,42,0,3,24,7,0,0,17,92,16,7,80,1,0,99,18,23,0,4,0,7,0,54,22,3,0,141,0,43,34,54,2,27,7,6,0,27,2,0,9,0
2,25,0,0,6,2,2,6,2,25,0,1,13,0,9,1,0,0,0,1,1,0,4,0,5,1,0,0,1,0,0,0,0,2,0,1,7,0,0,7,1,0,1,0,0,0,0,3,0,0,0,11,43,0,5,5,0,1,0,2,0,0,2,0,0,0
5,30,1,4,7,4,5,12,4,59,2,2,12,0,13,3,0,1,3,2,3,0,6,0,10,4,0,1,1,2,0,0,2,6,11,2,2,0,0,15,2,1,0,4,0,0,0,9,1,0,0,26,34,5,0,20,2,2,4,4,0,12,0,0,3,0
6,54,2,2,15,5,1,13,6,78,0,0,15,0,25,7,0,0,1,1,3,0,20,1,10,4,0,0,3,1,0,0,2,9,3,5,20,0,0,41,1,2,0,3,0,2,1,15,2,0,0,25,54,5,20,0,1,6,0,3,0,8,0,0,0,0
3,8,0,0,5,0,0,2,1,1,7,0,2,0,45,1,0,1,0,0,0,0,1,0,0,2,0,2,0,1,0,0,0,3,1,0,3,0,0,5,0,0,0,0,0,0,0,3,1,1,0,0,2,0,2,1,0,0,0,0,0,2,0,0,1,0
15,37,2,0,74,4,9,26,5,14,5,3,13,0,56,1,2,3,0,0,0,0,45,2,74,11,2,0,6,5,0,0,3,13,20,2,10,0,0,33,4,7,0,0,0,1,3,207,3,1,0,4,27,1,2,6,0,0,3,3,0,64,0,0,2,0
4,13,0,1,7,1,2,8,1,3,1,3,1,0,91,0,0,2,0,1,1,0,1,1,3,6,0,0,3,2,0,0,1,1,3,0,1,0,0,2,6,4,0,0,1,1,0,8,0,0,0,0,7,0,4,0,0,3,0,3,0,52,0,0,1,0
7,37,0,1,12,5,31,19,50,11,0,0,15,0,22,0,0,1,1,0,0,0,8,1,10,7,0,2,3,0,0,0,2,14,1,0,5,0,0,8,3,6,1,0,0,1,0,13,0,0,0,0,6,2,4,3,0,3,3,0,0,14,0,0,0,0
0,0,0,0,0,0,0,0,0,0,0,0,0,0,1,0,0,0,0,0,0,0,0,0,0,0,0,0,0,0,0,0,0,0,0,0,0,0,0,0,0,0,0,0,0,0,0,0,0,0,0,0,0,0,0,0,0,0,0,0,0,0,0,0,0,0
18,100,0,3,43,11,13,28,9,36,8,21,31,0,72,6,0,6,3,7,0,2,35,6,50,19,0,6,10,7,0,0,5,29,27,1,26,0,0,67,9,14,2,6,0,9,2,108,5,2,0,10,27,0,12,8,2,64,52,14,0,0,1,0,4,0
5,9,0,0,2,1,1,1,0,4,15,0,9,0,3,0,0,0,0,0,0,0,0,0,1,2,0,0,0,0,0,0,2,4,0,0,6,0,0,13,0,0,0,0,0,0,0,8,0,8,0,0,2,2,0,0,0,0,0,0,0,1,0,0,8,0
0,0,0,0,0,0,0,0,0,0,0,0,0,0,0,0,0,0,0,0,0,0,0,0,0,0,0,0,0,0,0,0,0,0,0,0,0,0,0,0,0,0,0,0,0,0,0,0,0,0,0,0,0,0,0,0,0,0,0,0,0,0,0,0,0,0
18,15,2,0,10,1,2,11,0,9,24,0,132,0,20,0,0,3,4,0,0,0,5,12,6,14,0,1,10,3,0,0,6,26,0,0,49,0,0,68,2,12,0,2,0,4,0,13,1,25,1,3,9,0,3,0,1,2,1,0,0,4,8,0,0,0
0,0,0,0,0,0,0,0,0,0,0,0,0,0,0,0,0,0,0,0,0,0,0,0,0,0,0,0,0,0,0,0,0,0,0,0,0,0,0,0,0,0,0,0,0,0,0,0,0,0,0,0,0,0,0,0,0,0,0,0,0,0,0,0,0,0
