Ambemohar Rice,Arhar Dal,Atta,Bajra,Bajra Flour,Barley,Barley Flour,Barnyard Millet,Basmati Rice,Besan,Big Sabudana,Biryani Kit,Black Masoor Dal,Black Rice,Boiled Ponni Rice,Broken Rice,Brown Basmati Rice,Brown Sona Masuri Rice,Chana Dal,Corn Flour (Starch),Couscous,Daliya,Dhania Dal,Dosa Rice,Dubar Basmati Rice,Flour,Foxtail Millet,Glutinous Rice,Govindo Bhog Rice,Gram,Green Chana,Green Dried Peas,Horse Gram,Idli Rice,Jeera Rice,Jowar,Jowar Flour,Kabuli Chana,Kala Chana,Khichdi Mix,Kodo Millet,Kolam Rice,Kuttu Flour,Little Millet,Lokwan Wheat,Maida,Makki Atta (Maize Flour),Malka Masoor,Masoor Dal,Masoor Whole,Matta Rice,Mix,Mix Dal,Mix Flour,Mogra Basmati Rice,Moong (Sabut),Moong Dal (Chilka),Moong Dal (Dhuli),Moth Dal,Multigrain Atta,Organic Daliya,Parmal Rice,Pearl Millet,Pesticide-Free Daliya,Poha,Ponni Rice,Popcorn Kernels,Powder,Proso Millet,Puffed Rice,Quinoa,Ragi,Ragi Flour,Rajgira Flour,Rajma Chitra,Rava,Raw Ponni Rice,Raw Sonamasuri Rice,Red Lobiya,Red Poha,Red Rajma,Rice,Rice Flour,Roasted Dal,Roasted Sooji,Sattu,Sharbati Atta,Sharbati Wheat,Singhara Flour,Small Sabudana,Sonamasuri Rice,Sooji,Soya Chunks,Soya Granules,Soya Mini Chunks,Soyabean Flour,Soyabeans,Steam Sonamasuri Rice,Sugar Release Control Atta,Sushi Rice,Thick Poha,Thin Poha,Tibar Basmati Rice,Urad (Sabut),Urad Dal (Chilka),Urad Dal (Dhuli),Urad Gota,White Dried Peas,White Lobiya
0,253,85,2,9,0,0,0,112,89,40,0,21,3,0,3,0,1,54,2,0,30,0,0,10,0,0,0,0,0,0,0,0,14,0,3,16,38,21,0,0,127,0,0,4,22,1,6,48,0,0,0,5,7,20,47,34,149,22,21,0,3,0,0,82,1,1,0,0,0,0,1,9,2,9,0,0,1,0,0,11,0,13,0,0,1,23,14,0,30,0,149,14,3,11,1,0,3,0,0,83,14,7,8,4,52,4,18,15
253,0,54531,41,217,123,0,63,28309,38962,1047,1,15972,3,125,12,430,258,53350,1128,0,9390,11,961,1412,21,144,0,19,1788,14,541,489,1679,329,18,468,33511,29765,298,80,2322,104,113,176,12853,205,19859,22967,139,94,38,5882,459,14111,13653,18093,48795,1351,5268,62,1740,40,5,7916,4,323,18,20,813,59,88,1474,66,27367,225,4,2411,532,58,5465,346,2532,1353,1524,2697,5337,208,10,4288,0,38985,6777,983,5029,54,108,1513,72,0,28812,2952,234,7156,9897,17065,3293,4996,3558
85,54531,0,48,320,79,0,29,39645,40102,740,2,9181,3,121,8,353,200,30923,1212,0,9979,9,471,1562,9,71,0,14,791,5,325,228,886,222,5,645,23534,22717,203,29,1549,182,37,12,14502,317,12166,12674,83,83,18,4754,490,22299,7954,10058,24516,663,1932,62,2842,21,5,6175,6,333,13,10,856,41,62,1317,80,19140,126,4,1849,274,27,4023,609,1962,594,928,3303,1095,24,12,3668,0,35990,6855,871,4959,101,51,1816,9,0,28616,2358,198,4705,5513,8047,1139,3551,2070
2,41,48,0,15,4,0,0,34,50,4,0,14,0,0,0,3,2,38,2,0,37,0,0,2,1,0,0,0,0,0,0,0,2,0,50,16,23,35,3,0,7,1,0,4,25,2,6,15,0,0,0,8,4,15,19,22,42,3,11,0,3,0,0,12,1,21,0,0,1,1,17,10,2,19,0,0,0,0,0,8,0,3,0,0,8,4,3,0,13,0,55,4,3,5,3,1,1,0,0,45,5,1,8,12,13,0,3,6
9,217,320,15,0,1,0,0,120,245,20,0,33,0,0,0,12,7,134,26,0,91,0,0,3,5,0,0,0,0,1,0,6,8,0,3,616,113,104,4,0,31,20,0,1,79,167,39,76,0,0,0,22,34,34,85,77,129,13,64,0,10,0,0,58,1,5,0,0,8,5,1,307,55,69,0,0,0,2,0,34,0,80,0,1,60,27,1,4,28,0,202,41,4,23,71,2,2,0,0,147,9,1,31,31,55,3,27,27
0,123,79,4,1,0,0,7,34,50,6,0,6,0,1,0,2,6,68,5,0,47,1,21,3,1,17,0,1,19,0,5,16,27,5,7,10,34,39,0,11,21,0,13,3,29,4,6,18,0,3,1,2,1,5,67,21,85,7,6,2,3,14,0,24,0,9,1,6,3,0,31,35,3,9,3,0,19,2,4,15,0,37,20,12,3,22,7,0,50,0,115,8,1,4,2,11,1,2,0,62,21,0,12,13,57,34,2,4
0,0,0,0,0,0,0,0,0,0,0,0,0,0,0,0,0,0,0,0,0,0,0,0,0,0,0,0,0,0,0,0,0,0,0,0,0,0,0,0,0,0,0,0,0,0,0,0,0,0,0,0,0,0,0,0,0,0,0,0,0,0,0,0,0,0,0,0,0,0,0,0,0,0,0,0,0,0,0,0,0,0,0,0,0,0,0,0,0,0,0,0,0,0,0,0,0,0,0,0,0,0,0,0,0,0,0,0,0
0,63,29,0,0,7,0,0,18,17,0,0,0,0,2,0,1,2,33,2,0,4,0,9,1,0,160,0,0,10,0,2,3,15,2,0,6,8,13,0,151,5,0,180,1,17,3,3,7,0,2,0,0,2,0,28,8,33,7,11,0,1,41,0,13,0,4,1,66,2,0,12,27,0,2,1,0,19,3,3,6,0,19,11,10,0,9,0,0,42,0,56,5,0,2,0,6,1,0,0,25,20,0,2,2,30,19,1,3
112,28309,39645,34,120,34,0,18,0,19078,476,11,5093,3,51,5,566,199,14812,709,0,4999,2,256,740,7,30,0,14,216,5,172,97,538,338,4,228,13618,10769,192,22,620,69,17,38,6285,109,5143,8475,58,47,12,3066,256,3164,4711,6698,15077,425,4849,38,743,8,2,4531,1,180,7,4,609,57,31,399,46,11928,46,0,542,137,23,2927,317,795,191,412,1294,4765,80,6,1967,1,16465,3624,638,3075,31,26,399,25,0,14496,1223,175,2958,2948,4058,425,1787,1424
89,38962,40102,50,245,50,0,17,19078,0,774,2,9191,1,27,8,378,165,28886,1441,0,9676,4,255,999,14,34,0,9,610,9,279,171,484,105,8,518,24492,21354,233,20,654,123,24,57,18504,232,10167,10582,35,23,15,3930,486,8134,8138,11461,23651,927,3884,49,914,10,5,6662,1,308,10,4,667,81,38,835,74,20519,110,1,535,287,33,3860,261,2112,408,1030,2833,4084,77,6,3510,0,49386,5566,1007,4246,80,39,511,23,0,28723,2117,171,5182,6173,8158,737,3557,2632
40,1047,740,4,20,6,0,0,476,774,0,1,219,0,0,1,18,9,523,36,0,345,0,0,23,5,0,0,0,0,0,7,3,19,0,9,35,470,434,3,0,126,114,0,21,275,13,100,285,0,0,1,71,40,176,318,288,692,81,92,6,22,0,0,664,1,25,0,0,32,8,2,36,71,289,0,0,2,1,0,104,9,71,0,12,35,91,20,19,336,0,1288,113,23,101,4,0,12,0,0,1092,79,2,98,83,345,16,127,103
0,1,2,0,0,0,0,0,11,2,1,0,0,0,0,0,0,1,0,0,0,1,0,0,0,0,0,0,0,0,0,0,0,0,0,0,1,0,0,0,0,0,0,0,0,2,0,1,0,0,0,0,0,1,1,0,1,1,0,0,0,0,0,0,0,0,0,0,0,0,0,0,0,0,0,0,0,0,0,0,0,2,0,0,0,0,1,0,0,1,0,4,0,0,0,0,0,0,0,0,2,0,0,0,0,0,0,0,0
21,15972,9181,14,33,6,0,0,5093,9191,219,0,0,1,5,1,85,49,10814,181,0,2543,1,12,271,9,4,0,1,19,1,58,63,58,8,5,80,9254,7448,108,2,157,21,1,21,2447,27,5499,5967,9,1,2,2452,115,2262,3276,5828,8574,513,836,18,238,1,4,1161,0,89,0,0,156,16,5,97,15,8451,2,0,41,146,6,1655,77,164,15,114,357,644,16,2,843,0,7152,1428,311,1246,15,27,77,5,0,6065,307,39,2602,3642,3042,58,1206,1453
3,3,3,0,0,0,0,0,3,1,0,0,1,0,0,0,1,0,0,0,0,0,0,0,1,0,0,0,0,0,0,0,0,0,0,0,1,1,1,0,0,0,0,0,1,0,0,0,0,0,0,0,0,0,0,3,1,3,0,0,0,0,0,0,1,0,0,0,0,0,0,0,0,0,0,0,0,0,0,0,0,0,0,0,0,0,0,0,0,0,0,3,0,0,0,0,0,0,0,0,1,0,0,0,0,0,0,0,0
0,125,121,0,0,1,0,2,51,27,0,0,5,0,0,0,1,4,48,7,0,10,1,21,3,0,4,0,2,13,0,4,3,79,19,0,2,19,33,0,0,16,0,5,0,26,1,10,26,0,10,1,0,1,4,25,6,65,3,14,0,0,2,0,18,0,1,0,1,5,0,4,12,0,9,0,0,33,1,3,6,0,25,11,13,0,29,0,0,11,0,66,15,0,8,1,1,11,2,0,33,15,0,3,6,43,51,10,1
3,12,8,0,0,0,0,0,5,8,1,0,1,0,0,0,0,0,5,0,0,3,0,0,0,1,0,0,0,0,0,0,0,1,0,0,1,2,1,0,0,1,0,0,0,2,0,0,2,0,0,0,1,0,5,4,4,9,2,2,0,1,0,0,6,0,0,0,0,0,0,1,2,0,0,0,0,0,0,0,1,0,4,0,0,0,2,1,0,3,0,6,3,1,0,1,0,2,0,0,3,2,0,0,2,7,0,1,2
0,430,353,3,12,2,0,1,566,378,18,0,85,1,1,0,0,41,273,12,0,156,0,11,46,0,2,0,1,3,0,4,7,13,6,0,33,284,235,5,2,17,3,1,1,68,6,67,178,3,3,1,51,12,88,183,179,364,14,171,5,23,2,1,134,0,3,1,0,10,29,2,36,3,224,4,0,16,3,3,80,1,18,4,9,25,85,1,0,37,0,352,109,22,116,2,1,8,11,0,290,31,14,59,57,99,6,51,49
1,258,200,2,7,6,0,2,199,165,9,1,49,0,4,0,41,0,115,6,0,88,0,8,9,1,8,0,1,8,0,3,6,18,4,0,19,123,122,9,6,22,1,7,1,37,2,42,67,3,5,2,29,7,45,79,67,185,11,72,3,6,2,0,50,0,6,0,1,11,4,3,29,3,92,2,0,24,3,5,32,6,20,5,12,16,35,2,0,20,0,160,42,18,30,3,2,6,0,0,157,14,7,24,21,65,15,10,15
54,53350,30923,38,134,68,0,33,14812,28886,523,0,10814,0,48,5,273,115,0,743,0,6470,3,443,702,7,76,0,11,1074,10,335,296,831,136,15,268,26388,26119,288,44,654,76,57,84,8771,129,14435,14543,77,33,20,4346,268,7568,10682,13594,32986,1009,2627,45,1042,24,1,3811,2,253,7,16,438,40,58,739,47,23252,116,0,840,388,33,3782,251,1495,865,830,1853,2702,114,3,2263,0,23357,4792,836,3480,36,54,628,22,0,17353,1431,105,7948,10941,11653,1803,3390,3246
2,1128,1212,2,26,5,0,2,709,1441,36,0,181,0,7,0,12,6,743,0,0,223,2,35,49,0,4,0,1,63,0,32,20,69,27,0,65,671,515,9,1,63,6,3,4,2666,37,211,345,8,5,2,80,50,228,311,213,729,24,160,2,40,0,2,213,0,51,2,0,40,2,5,130,8,383,19,0,62,17,0,161,8,628,60,80,115,173,0,1,202,0,1314,236,37,151,18,7,55,1,0,723,120,8,166,109,441,83,238,71
0,0,0,0,0,0,0,0,0,0,0,0,0,0,0,0,0,0,0,0,0,0,0,0,0,0,0,0,0,0,0,0,0,0,0,0,0,0,0,0,0,0,0,0,0,0,0,0,0,0,0,0,0,0,0,0,0,0,0,0,0,0,0,0,0,0,0,0,0,0,0,0,0,0,0,0,0,0,0,0,0,0,0,0,0,0,0,0,0,0,0,0,0,0,0,0,0,0,0,0,0,0,0,0,0,0,0,0,0
30,9390,9979,37,91,47,0,4,4999,9676,345,1,2543,0,10,3,156,88,6470,223,0,0,1,44,269,2,30,0,2,56,3,47,42,125,19,8,143,5443,5365,149,13,137,39,20,12,2736,61,2702,2775,6,15,3,1207,158,2198,2681,4615,7433,273,1201,47,285,8,3,2198,0,134,2,6,263,61,17,227,28,4721,18,0,67,73,10,1061,85,315,47,216,801,1030,16,2,1533,0,13407,1562,338,1362,30,11,130,3,0,12213,547,56,1256,1529,1836,133,832,803
0,11,9,0,0,1,0,0,2,4,0,0,1,0,1,0,0,0,3,2,0,1,0,1,2,0,0,0,0,1,0,0,1,1,0,0,0,4,3,0,0,2,0,0,0,2,0,0,1,0,0,0,0,0,1,2,3,7,1,3,0,0,0,0,3,0,0,0,0,0,0,0,3,0,3,1,0,1,0,0,3,0,4,6,2,0,3,0,0,4,0,12,1,0,0,0,0,2,0,0,4,2,0,1,1,4,1,2,1
0,961,471,0,0,21,0,9,256,255,0,0,12,0,21,0,11,8,443,35,0,44,1,0,28,0,24,0,1,225,0,38,47,704,66,0,20,177,169,0,12,140,0,16,3,232,5,35,78,3,45,6,2,5,33,273,40,466,16,92,1,12,5,0,155,0,5,6,4,22,0,27,168,0,36,50,0,316,24,9,39,0,361,116,161,1,185,9,0,123,0,859,50,5,37,0,4,78,7,0,366,213,0,25,12,872,370,55,24
10,1412,1562,2,3,3,0,1,740,999,23,0,271,1,3,0,46,9,702,49,0,269,2,28,0,0,3,0,4,26,0,9,8,46,38,0,8,673,529,14,1,42,3,2,4,398,9,192,372,2,9,1,113,23,225,247,374,809,32,257,4,46,0,0,252,0,5,0,0,27,2,2,28,5,625,5,0,31,7,1,144,12,62,20,25,53,379,7,0,90,0,925,162,27,166,0,2,30,4,0,766,86,111,167,134,268,40,95,75
0,21,9,1,5,1,0,0,7,14,5,0,9,0,0,1,0,1,7,0,0,2,0,0,0,0,0,0,0,0,0,0,0,0,0,0,7,9,3,0,0,6,0,0,0,7,2,1,3,0,0,0,1,14,5,3,2,12,1,2,0,0,0,0,8,0,0,0,0,0,0,1,1,8,1,0,0,0,0,0,0,0,18,0,0,0,0,1,2,11,0,14,2,0,3,0,0,0,0,0,7,1,0,1,1,8,1,1,3
0,144,71,0,0,17,0,160,30,34,0,0,4,0,4,0,2,8,76,4,0,30,0,24,3,0,0,0,0,29,0,5,12,35,8,0,22,27,31,0,208,18,0,254,0,27,2,2,13,0,7,0,2,9,2,80,22,92,11,22,1,0,53,1,21,0,7,0,63,1,0,20,54,0,9,6,0,36,6,4,10,0,40,25,29,2,22,1,0,37,0,123,14,2,2,0,5,5,1,0,61,31,0,6,8,67,47,4,3
0,0,0,0,0,0,0,0,0,0,0,0,0,0,0,0,0,0,0,0,0,0,0,0,0,0,0,0,0,0,0,0,0,0,0,0,0,0,0,0,0,0,0,0,0,0,0,0,0,0,0,0,0,0,0,0,0,0,0,0,0,0,0,0,0,0,0,0,0,0,0,0,0,0,0,0,0,0,0,0,0,0,0,0,0,0,0,0,0,0,0,0,0,0,0,0,0,0,0,0,0,0,0,0,0,0,0,0,0
0,19,14,0,0,1,0,0,14,9,0,0,1,0,2,0,1,1,11,1,0,2,0,1,4,0,0,0,0,1,0,1,0,2,4,0,0,4,7,0,0,4,0,0,0,9,0,1,5,2,0,0,0,0,2,5,3,16,0,2,0,2,0,0,4,0,0,0,1,0,0,0,1,0,2,1,0,6,0,0,0,0,4,1,1,3,10,0,0,6,0,11,3,0,4,0,0,4,1,0,3,7,0,1,0,1,0,2,0
0,1788,791,0,0,19,0,10,216,610,0,0,19,0,13,0,3,8,1074,63,0,56,1,225,26,0,29,0,1,0,0,69,94,300,52,0,23,242,369,0,17,158,0,25,5,493,4,50,124,5,7,3,3,11,31,616,87,1067,29,174,2,7,9,0,183,0,12,3,6,20,0,14,279,0,40,62,1,232,66,11,49,0,572,87,395,1,264,12,0,204,0,1668,64,9,36,0,8,51,4,0,813,395,0,24,22,1036,586,43,66
0,14,5,0,1,0,0,0,5,9,0,0,1,0,0,0,0,0,10,0,0,3,0,0,0,0,0,0,0,0,0,0,0,0,0,0,0,8,17,1,0,0,1,0,0,3,0,2,3,0,0,0,4,0,3,3,3,8,1,0,0,0,0,0,1,0,0,0,0,0,0,0,0,0,11,0,0,0,0,0,2,0,0,0,0,4,1,0,0,1,0,6,3,2,3,1,0,0,0,0,8,0,0,2,2,0,0,1,2
0,541,325,0,0,5,0,2,172,279,7,0,58,0,4,0,4,3,335,32,0,47,0,38,9,0,5,0,1,69,0,0,45,56,10,0,9,365,378,3,7,18,1,7,0,159,2,93,104,7,7,0,50,11,58,265,79,336,31,53,0,9,2,0,65,0,7,1,2,8,0,6,60,0,151,10,0,51,55,5,105,4,93,60,48,12,59,1,0,35,0,366,108,10,67,0,9,22,3,0,232,65,1,33,34,216,90,184,69
0,489,228,0,6,16,0,3,97,171,3,0,63,0,3,0,7,6,296,20,0,42,1,47,8,0,12,0,0,94,0,45,0,53,11,0,15,193,333,13,4,28,1,3,0,94,6,59,68,1,7,1,35,4,27,375,81,260,91,45,1,6,6,0,50,0,9,0,1,9,3,11,81,1,137,6,0,53,57,6,79,4,129,66,36,11,39,5,0,50,0,343,64,14,40,3,18,19,1,0,235,60,1,42,29,218,83,40,76
14,1679,886,2,8,27,0,15,538,484,19,0,58,0,79,1,13,18,831,69,0,125,1,704,46,0,35,0,2,300,0,56,53,0,121,1,49,354,381,2,17,253,1,38,5,406,8,81,177,3,70,8,28,15,107,468,132,975,47,160,2,45,12,0,258,6,17,5,7,45,3,37,220,6,111,30,0,405,40,18,76,5,406,228,213,16,291,18,0,224,0,1255,108,8,55,2,6,144,7,0,708,253,4,74,57,1669,1017,92,58
0,329,222,0,0,5,0,2,338,105,0,0,8,0,19,0,6,4,136,27,0,19,0,66,38,0,8,0,4,52,0,10,11,121,0,0,5,67,67,0,1,93,0,4,1,125,4,20,50,2,26,1,1,2,23,88,23,217,4,42,0,4,2,0,53,0,6,1,1,8,0,6,38,0,16,5,0,75,10,1,15,0,78,39,61,4,102,2,0,36,0,222,35,4,8,0,1,27,4,0,80,53,0,7,2,119,83,14,7
3,18,5,50,3,7,0,0,4,8,9,0,5,0,0,0,0,0,15,0,0,8,0,0,0,0,0,0,0,0,0,0,0,1,0,0,5,4,11,0,0,7,0,0,6,2,0,0,4,0,0,0,2,2,3,8,2,14,2,1,0,0,0,0,8,0,1,0,0,0,0,18,0,0,1,0,0,0,0,0,1,0,1,0,0,0,1,6,0,8,0,21,1,1,2,0,3,0,0,0,14,4,0,2,3,8,0,1,1
16,468,645,16,616,10,0,6,228,518,35,1,80,1,2,1,33,19,268,65,0,143,0,20,8,7,22,0,0,23,0,9,15,49,5,5,0,218,227,2,13,67,11,15,5,168,203,64,136,0,9,1,38,63,61,235,134,350,55,150,3,28,4,0,142,1,11,1,1,23,8,10,784,64,113,12,0,27,5,1,68,3,275,22,24,100,119,7,7,105,0,529,57,23,49,116,5,15,6,0,309,73,2,50,47,156,45,60,48
38,33511,23534,23,113,34,0,8,13618,24492,470,0,9254,1,19,2,284,123,26388,671,0,5443,4,177,673,9,27,0,4,242,8,365,193,354,67,4,218,0,27794,285,14,370,85,17,22,9725,84,9373,10030,48,22,11,4395,357,5234,8542,10181,21108,978,2221,29,621,6,4,3625,2,207,8,6,354,60,22,381,43,34388,25,0,331,379,20,6736,160,728,236,414,1278,2211,48,4,1968,0,19807,4898,865,3584,30,69,360,12,0,14969,1019,98,6444,6142,7094,490,4211,3609
21,29765,22717,35,104,39,0,13,10769,21354,434,0,7448,1,33,1,235,122,26119,515,0,5365,3,169,529,3,31,0,7,369,17,378,333,381,67,11,227,27794,0,237,25,362,157,25,29,6275,110,8974,8571,52,42,14,3437,240,5359,12628,8522,17911,1178,2095,47,644,19,3,2845,4,207,6,7,405,45,49,448,44,20961,26,1,353,383,28,3842,162,773,306,425,1600,1825,62,3,2004,0,20189,4352,648,3160,32,109,424,15,0,13743,983,77,5363,5538,6045,588,3745,2934
0,298,203,3,4,0,0,0,192,233,3,0,108,0,0,0,5,9,288,9,0,149,0,0,14,0,0,0,0,0,1,3,13,2,0,0,2,285,237,0,0,0,2,0,0,49,4,110,112,0,0,0,202,19,57,87,153,210,26,33,0,20,0,0,35,0,0,0,0,11,3,0,7,2,318,0,0,0,17,0,77,11,9,0,4,30,18,0,0,24,0,212,58,22,72,1,0,2,0,0,187,13,3,76,88,59,3,40,59
0,80,29,0,0,11,0,151,22,20,0,0,2,0,0,0,2,6,44,1,0,13,0,12,1,0,208,0,0,17,0,7,4,17,1,0,13,14,25,0,0,6,0,214,1,11,2,3,15,0,7,0,0,4,1,39,14,42,3,4,0,0,41,0,12,0,7,0,64,3,0,14,23,0,9,3,0,20,4,7,7,0,20,20,12,0,17,0,0,15,0,72,10,0,3,0,2,5,1,0,28,20,0,5,6,32,26,1,2
127,2322,1549,7,31,21,0,5,620,654,126,0,157,0,16,1,17,22,654,63,0,137,2,140,42,6,18,0,4,158,0,18,28,253,93,7,67,370,362,0,6,0,0,0,81,313,13,85,442,12,26,5,33,26,63,458,192,1189,98,246,1,23,1,0,459,4,12,2,1,16,2,13,150,8,92,23,0,84,19,5,89,0,266,90,116,16,418,80,0,228,0,1209,109,25,61,2,16,16,16,0,680,207,8,43,48,661,177,103,85
0,104,182,1,20,0,0,0,69,123,114,0,21,0,0,0,3,1,76,6,0,39,0,0,3,0,0,0,0,0,1,1,1,1,0,0,11,85,157,2,0,0,0,0,0,47,12,19,25,0,0,0,16,11,17,30,43,67,3,29,1,4,0,0,11,0,1,0,0,5,0,0,19,141,62,0,0,0,0,0,17,0,17,0,6,11,20,0,0,265,0,261,14,3,9,6,0,0,0,0,101,3,0,31,28,21,0,12,11
0,113,37,0,0,13,0,180,17,24,0,0,1,0,5,0,1,7,57,3,0,20,0,16,2,0,254,0,0,25,0,7,3,38,4,0,15,17,25,0,214,0,0,0,1,25,2,3,13,0,11,0,0,4,2,41,13,71,5,14,1,3,43,0,13,0,7,1,67,3,0,15,45,0,8,4,0,32,6,5,5,0,26,28,20,2,18,0,0,43,0,93,14,1,3,0,8,9,1,0,43,32,0,5,4,41,38,3,5
4,176,12,4,1,3,0,1,38,57,21,0,21,1,0,0,1,1,84,4,0,12,0,3,4,0,0,0,0,5,0,0,0,5,1,6,5,22,29,0,1,81,0,1,0,19,1,4,48,0,0,0,4,1,63,42,11,112,21,2,0,8,0,0,44,2,0,0,0,0,0,9,3,0,2,0,0,2,0,0,3,0,13,2,2,0,3,43,0,49,0,103,4,1,3,0,9,3,0,0,71,10,0,0,5,53,6,15,15
22,12853,14502,25,79,29,0,17,6285,18504,275,2,2447,0,26,2,68,37,8771,2666,0,2736,2,232,398,7,27,0,9,493,3,159,94,406,125,2,168,9725,6275,49,11,313,47,25,19,0,141,2898,3263,35,18,12,940,237,2629,2464,2569,7794,288,1287,13,316,6,2,1955,0,131,5,7,354,25,19,466,25,5234,96,2,424,133,15,1400,90,1845,355,669,1182,1751,31,2,1506,0,24729,1825,305,1351,9,17,296,16,0,10099,974,57,1650,1401,4045,604,1886,681
1,205,317,2,167,4,0,3,109,232,13,0,27,0,1,0,6,2,129,37,0,61,0,5,9,2,2,0,0,4,0,2,6,8,4,0,203,84,110,4,2,13,12,2,1,141,0,37,55,0,3,0,11,16,48,66,49,107,10,76,0,11,2,0,58,0,9,0,0,8,2,1,153,23,60,2,0,10,2,1,33,1,106,3,15,47,59,1,2,37,0,200,36,7,24,28,4,11,0,0,141,30,2,18,18,44,12,19,15
6,19859,12166,6,39,6,0,3,5143,10167,100,1,5499,0,10,0,67,42,14435,211,0,2702,0,35,192,1,2,0,1,50,2,93,59,81,20,0,64,9373,8974,110,3,85,19,3,4,2898,37,0,758,10,2,2,1530,108,4051,2703,5781,13199,244,690,16,475,1,0,657,0,110,0,0,133,5,8,120,8,9161,7,0,100,96,4,1103,119,214,61,124,723,560,2,0,611,0,6995,2048,261,1379,18,15,243,1,0,5939,305,30,2267,3894,2683,161,1164,1014
48,22967,12674,15,76,18,0,7,8475,10582,285,0,5967,0,26,2,178,67,14543,345,0,2775,1,78,372,3,13,0,5,124,3,104,68,177,50,4,136,10030,8571,112,15,442,25,13,48,3263,55,758,0,12,7,11,2661,106,3373,4447,6607,20789,421,1463,15,412,4,1,2282,1,78,2,4,198,38,17,218,15,7896,22,0,277,128,10,1916,69,350,111,223,720,1307,33,2,937,0,8480,2096,387,1597,22,35,345,12,0,6443,546,62,2319,3144,3868,213,1337,1270
0,139,83,0,0,0,0,0,58,35,0,0,9,0,0,0,3,3,77,8,0,6,0,3,2,0,0,0,2,5,0,7,1,3,2,0,0,48,52,0,0,12,0,0,0,35,0,10,12,0,1,0,2,0,13,32,32,124,2,9,0,6,0,0,21,0,1,0,0,0,0,0,8,0,20,0,0,11,0,1,23,1,8,5,5,0,15,0,0,9,0,37,19,4,9,0,1,10,1,0,29,15,1,5,7,33,8,10,7
0,94,83,0,0,3,0,2,47,23,0,0,1,0,10,0,3,5,33,5,0,15,0,45,9,0,7,0,0,7,0,7,7,70,26,0,9,22,42,0,7,26,0,11,0,18,3,2,7,1,0,0,0,2,3,71,6,39,1,12,0,2,3,0,14,1,0,1,1,5,0,5,19,0,6,2,0,37,14,7,5,0,61,9,36,1,28,2,0,7,0,55,10,1,1,0,3,19,3,0,22,16,0,1,1,56,36,2,3
0,38,18,0,0,1,0,0,12,15,1,0,2,0,1,0,1,2,20,2,0,3,0,6,1,0,0,0,0,3,0,0,1,8,1,0,1,11,14,0,0,5,0,0,0,12,0,2,11,0,0,0,3,3,1,12,7,20,0,6,0,1,0,0,22,0,0,3,0,2,0,0,10,0,7,3,0,7,1,1,3,0,11,3,7,1,8,1,0,3,0,27,5,0,1,0,0,1,1,0,9,4,0,6,1,15,9,5,3
5,5882,4754,8,22,2,0,0,3066,3930,71,0,2452,0,0,1,51,29,4346,80,0,1207,0,2,113,1,2,0,0,3,4,50,35,28,1,2,38,4395,3437,202,0,33,16,0,4,940,11,1530,2661,2,0,3,0,78,1278,1236,2175,3795,217,489,9,170,0,2,487,0,36,1,0,68,9,1,48,7,3966,1,0,10,67,1,982,33,68,4,59,213,357,2,1,287,0,2775,824,164,779,7,5,50,0,0,2786,115,34,866,1090,934,24,557,618
7,459,490,4,34,1,0,2,256,486,40,1,115,0,1,0,12,7,268,50,0,158,0,5,23,14,9,0,0,11,0,11,4,15,2,2,63,357,240,19,4,26,11,4,1,237,16,108,106,0,2,3,78,0,65,120,138,301,28,126,1,13,1,1,99,0,12,2,0,12,0,3,57,31,212,5,0,22,4,3,69,5,89,4,25,89,111,4,6,88,0,473,77,19,66,16,0,9,4,0,379,40,3,93,64,123,17,74,40
20,14111,22299,15,34,5,0,0,3164,8134,176,1,2262,0,4,5,88,45,7568,228,0,2198,1,33,225,5,2,0,2,31,3,58,27,107,23,3,61,5234,5359,57,1,63,17,2,63,2629,48,4051,3373,13,3,1,1278,65,0,1508,2404,5546,139,1226,22,250,1,1,1076,2,68,2,0,249,10,5,101,11,4670,2,0,51,44,4,834,97,237,18,101,771,1049,52,2,778,0,6545,1763,195,1344,13,10,117,1,0,6088,357,55,990,1503,1657,100,924,446
47,13653,7954,19,85,67,0,28,4711,8138,318,0,3276,3,25,4,183,79,10682,311,0,2681,2,273,247,3,80,0,5,616,3,265,375,468,88,8,235,8542,12628,87,39,458,30,41,42,2464,66,2703,4447,32,71,12,1236,120,1508,0,5369,12584,1479,1194,25,232,24,1,2025,2,96,3,14,205,33,57,545,28,6314,59,1,427,355,27,1676,48,794,447,422,533,1270,59,5,1210,0,8879,1616,367,1249,18,78,228,12,0,6268,847,45,2870,2067,4133,828,1371,1889
34,18093,10058,22,77,21,0,8,6698,11461,288,1,5828,1,6,4,179,67,13594,213,0,4615,3,40,374,2,22,0,3,87,3,79,81,132,23,2,134,10181,8522,153,14,192,43,13,11,2569,49,5781,6607,32,6,7,2175,138,2404,5369,0,16311,643,1138,25,367,9,5,1908,2,104,2,3,178,37,16,183,35,9086,11,0,93,147,13,1771,98,239,91,194,421,1118,39,2,1083,0,9530,1601,360,1321,22,18,132,3,0,7759,538,85,2737,4968,3729,148,1064,1441
149,48795,24516,42,129,85,0,33,15077,23651,692,1,8574,3,65,9,364,185,32986,729,0,7433,7,466,809,12,92,0,16,1067,8,336,260,975,217,14,350,21108,17911,210,42,1189,67,71,112,7794,107,13199,20789,124,39,20,3795,301,5546,12584,16311,0,1221,2963,54,758,25,4,5071,3,222,14,11,479,67,75,856,62,17829,110,1,1015,400,49,3574,158,1492,888,960,1260,3352,129,6,2664,0,23571,3719,778,2861,33,62,623,40,0,16678,1753,140,5602,5895,11838,1817,2931,2941
22,1351,663,3,13,7,0,7,425,927,81,0,513,0,3,2,14,11,1009,24,0,273,1,16,32,1,11,0,0,29,1,31,91,47,4,2,55,978,1178,26,3,98,3,5,21,288,10,244,421,2,1,0,217,28,139,1479,643,1221,0,90,1,25,3,1,246,0,13,1,1,19,4,8,57,4,681,4,0,32,78,2,264,4,70,31,42,41,135,16,1,194,0,972,163,47,128,6,24,14,0,0,688,131,10,293,269,491,33,288,449
21,5268,1932,11,64,6,0,11,4849,3884,92,0,836,0,14,2,171,72,2627,160,0,1201,3,92,257,2,22,0,2,174,0,53,45,160,42,1,150,2221,2095,33,4,246,29,14,2,1287,76,690,1463,9,12,6,489,126,1226,1194,1138,2963,90,0,16,158,4,1,1127,2,36,4,2,98,14,11,370,16,1703,24,1,284,40,17,503,34,326,99,202,340,1008,1,2,470,0,4197,651,119,557,21,8,181,8,0,3073,382,45,460,458,974,259,400,260
0,62,62,0,0,2,0,0,38,49,6,0,18,0,0,0,5,3,45,2,0,47,0,1,4,0,1,0,0,2,0,0,1,2,0,0,3,29,47,0,0,1,1,1,0,13,0,16,15,0,0,0,9,1,22,25,25,54,1,16,0,0,0,0,34,0,3,0,0,2,0,0,3,1,26,0,0,2,2,0,6,1,1,0,2,7,8,0,0,14,0,85,14,3,8,2,0,2,1,0,55,5,0,9,10,15,3,5,7
3,1740,2842,3,10,3,0,1,743,914,22,0,238,0,0,1,23,6,1042,40,0,285,0,12,46,0,0,0,2,7,0,9,6,45,4,0,28,621,644,20,0,23,4,3,8,316,11,475,412,6,2,1,170,13,250,232,367,758,25,158,0,0,1,0,177,0,4,0,0,63,0,2,32,3,525,3,0,21,2,0,147,43,55,7,19,91,159,7,1,124,0,863,219,15,167,4,2,56,0,0,859,60,13,155,164,281,28,129,60
0,40,21,0,0,14,0,41,8,10,0,0,1,0,2,0,2,2,24,0,0,8,0,5,0,0,53,0,0,9,0,2,6,12,2,0,4,6,19,0,41,1,0,43,0,6,2,1,4,0,3,0,0,1,1,24,9,25,3,4,0,1,0,0,5,0,6,0,25,2,0,24,9,0,2,1,0,7,2,1,4,0,13,12,7,1,8,6,0,13,0,26,2,1,1,0,3,1,0,0,16,2,0,10,2,18,15,1,1
0,5,5,0,0,0,0,0,2,5,0,0,4,0,0,0,1,0,1,2,0,3,0,0,0,0,1,0,0,0,0,0,0,0,0,0,0,4,3,0,0,0,0,0,0,2,0,0,1,0,0,0,2,1,1,1,5,4,1,1,0,0,0,0,2,0,1,0,0,0,0,0,1,0,1,0,0,1,0,0,2,0,1,1,1,0,2,0,0,0,0,9,3,0,1,0,0,0,0,0,5,2,0,2,0,0,0,1,1
82,7916,6175,12,58,24,0,13,4531,6662,664,0,1161,1,18,6,134,50,3811,213,0,2198,3,155,252,8,21,0,4,183,1,65,50,258,53,8,142,3625,2845,35,12,459,11,13,44,1955,58,657,2282,21,14,22,487,99,1076,2025,1908,5071,246,1127,34,177,5,2,0,5,62,3,3,224,24,21,231,25,2545,33,0,282,49,37,803,26,442,133,367,318,1270,73,6,1656,0,9752,1119,198,806,14,21,148,18,0,2172,814,64,725,664,1849,252,639,504
1,4,6,1,1,0,0,0,1,1,1,0,0,0,0,0,0,0,2,0,0,0,0,0,0,0,0,0,0,0,0,0,0,6,0,0,1,2,4,0,0,4,0,0,2,0,0,0,1,0,1,0,0,0,2,2,2,3,0,2,0,0,0,0,5,0,0,0,0,0,0,0,0,0,1,0,0,0,0,0,0,0,2,0,0,0,0,0,0,4,0,6,2,0,0,0,0,0,0,0,2,1,0,0,0,3,0,2,0
1,323,333,21,5,9,0,4,180,308,25,0,89,0,1,0,3,6,253,51,0,134,0,5,5,0,7,0,0,12,0,7,9,17,6,1,11,207,207,0,7,12,1,7,0,131,9,110,78,1,0,0,36,12,68,96,104,222,13,36,3,4,6,1,62,0,0,1,2,39,3,7,27,0,162,1,0,18,3,2,44,1,28,9,12,44,45,6,0,74,0,338,70,9,52,0,3,17,0,0,376,37,2,41,57,88,21,53,33
0,18,13,0,0,1,0,1,7,10,0,0,0,0,0,0,1,0,7,2,0,2,0,6,0,0,0,0,0,3,0,1,0,5,1,0,1,8,6,0,0,2,0,1,0,5,0,0,2,0,1,3,1,2,2,3,2,14,1,4,0,0,0,0,3,0,1,0,0,1,0,1,7,0,2,2,0,6,1,1,1,0,15,1,3,0,2,1,0,2,0,20,0,0,1,0,1,1,0,0,9,7,0,0,1,10,3,0,0
0,20,10,0,0,6,0,66,4,4,0,0,0,0,1,0,0,1,16,0,0,6,0,4,0,0,63,0,1,6,0,2,1,7,1,0,1,6,7,0,64,1,0,67,0,7,0,0,4,0,1,0,0,0,0,14,3,11,1,2,0,0,25,0,3,0,2,0,0,0,0,6,6,0,2,2,0,2,0,0,1,0,8,8,6,0,1,0,0,7,0,26,4,1,0,0,1,1,0,0,10,5,0,1,0,13,13,2,1
0,813,856,1,8,3,0,2,609,667,32,0,156,0,5,0,10,11,438,40,0,263,0,22,27,0,1,0,0,20,0,8,9,45,8,0,23,354,405,11,3,16,5,3,0,354,8,133,198,0,5,2,68,12,249,205,178,479,19,98,2,63,2,0,224,0,39,1,0,0,2,1,42,2,209,2,0,58,3,0,81,16,67,36,26,118,114,1,0,157,0,860,122,23,129,2,1,34,1,0,1245,153,4,51,66,207,32,129,54
0,59,41,1,5,0,0,0,57,81,8,0,16,0,0,0,29,4,40,2,0,61,0,0,2,0,0,0,0,0,0,0,3,3,0,0,8,60,45,3,0,2,0,0,0,25,2,5,38,0,0,0,9,0,10,33,37,67,4,14,0,0,0,0,24,0,3,0,0,2,0,1,14,1,39,0,0,0,1,0,14,0,3,0,0,11,15,0,1,4,0,86,16,5,19,0,0,0,0,0,87,9,0,12,7,12,1,8,5
1,88,62,17,1,31,0,12,31,38,2,0,5,0,4,1,2,3,58,5,0,17,0,27,2,1,20,0,0,14,0,6,11,37,6,18,10,22,49,0,14,13,0,15,9,19,1,8,17,0,5,0,1,3,5,57,16,75,8,11,0,2,24,0,21,0,7,1,6,1,1,0,35,1,6,5,0,23,2,2,13,0,28,16,10,1,22,17,1,28,0,90,10,1,5,0,5,4,1,0,42,28,0,9,9,61,38,5,5
9,1474,1317,10,307,35,0,27,399,835,36,0,97,0,12,2,36,29,739,130,0,227,3,168,28,1,54,0,1,279,0,60,81,220,38,0,784,381,448,7,23,150,19,45,3,466,153,120,218,8,19,10,48,57,101,545,183,856,57,370,3,32,9,1,231,0,27,7,6,42,14,35,0,47,166,43,1,239,59,9,109,2,1038,174,201,107,346,8,3,214,0,1608,145,27,92,94,10,86,9,0,814,253,4,62,55,607,297,95,87
2,66,80,2,55,3,0,0,46,74,71,0,15,0,0,0,3,3,47,8,0,28,0,0,5,8,0,0,0,0,0,0,1,6,0,0,64,43,44,2,0,8,141,0,0,25,23,8,15,0,0,0,7,31,11,28,35,62,4,16,1,3,0,0,25,0,0,0,0,2,1,1,47,0,20,0,0,0,0,0,7,0,17,0,1,23,16,2,33,104,0,99,9,4,14,25,0,1,0,0,61,9,1,7,6,24,2,9,13
9,27367,19140,19,69,9,0,2,11928,20519,289,0,8451,0,9,0,224,92,23252,383,0,4721,3,36,625,1,9,0,2,40,11,151,137,111,16,1,113,34388,20961,318,9,92,62,8,2,5234,60,9161,7896,20,6,7,3966,212,4670,6314,9086,17829,681,1703,26,525,2,1,2545,1,162,2,2,209,39,6,166,20,0,4,0,101,277,8,1008,199,285,34,202,773,1675,12,2,1312,0,14803,3953,863,3046,23,29,206,6,0,12284,531,100,8280,6464,5204,126,2677,3272
0,225,126,0,0,3,0,1,46,110,0,0,2,0,0,0,4,2,116,19,0,18,1,50,5,0,6,0,1,62,0,10,6,30,5,0,12,25,26,0,3,23,0,4,0,96,2,7,22,0,2,3,1,5,2,59,11,110,4,24,0,3,1,0,33,0,1,2,2,2,0,5,43,0,4,0,1,65,8,2,8,0,120,47,75,1,51,2,0,42,0,363,5,0,5,0,3,8,2,0,144,78,0,3,9,201,109,8,7
0,4,4,0,0,0,0,0,0,1,0,0,0,0,0,0,0,0,0,0,0,0,0,0,0,0,0,0,0,1,0,0,0,0,0,0,0,0,1,0,0,0,0,0,0,2,0,0,0,0,0,0,0,0,0,1,0,1,0,1,0,0,0,0,0,0,0,0,0,0,0,0,1,0,0,1,0,1,0,1,0,0,2,2,2,0,0,0,0,0,0,2,0,0,0,0,0,0,0,0,0,2,0,0,0,0,2,0,0
1,2411,1849,0,0,19,0,19,542,535,2,0,41,0,33,0,16,24,840,62,0,67,1,316,31,0,36,0,6,232,0,51,53,405,75,0,27,331,353,0,20,84,0,32,2,424,10,100,277,11,37,7,10,22,51,427,93,1015,32,284,2,21,7,1,282,0,18,6,2,58,0,23,239,0,101,65,1,0,28,11,81,0,440,192,240,6,485,10,1,169,0,1432,143,15,56,0,7,52,14,0,663,335,0,35,30,764,370,89,54
0,532,274,0,2,2,0,3,137,287,1,0,146,0,1,0,3,3,388,17,0,73,0,24,7,0,6,0,0,66,0,55,57,40,10,0,5,379,383,17,4,19,0,6,0,133,2,96,128,0,14,1,67,4,44,355,147,400,78,40,2,2,2,0,49,0,3,1,0,3,1,2,59,0,277,8,0,28,0,4,111,4,73,29,48,15,67,2,0,62,0,362,69,23,43,1,12,12,3,0,203,54,1,96,88,186,81,80,265
0,58,27,0,0,4,0,3,23,33,0,0,6,0,3,0,3,5,33,0,0,10,0,9,1,0,4,0,0,11,0,5,6,18,1,0,1,20,28,0,7,5,0,5,0,15,1,4,10,1,7,1,1,3,4,27,13,49,2,17,0,0,1,0,37,0,2,1,0,0,0,2,9,0,8,2,1,11,4,0,5,0,18,13,27,0,18,1,0,16,0,55,6,1,7,0,1,0,1,0,39,19,0,4,4,23,18,11,4
11,5465,4023,8,34,15,0,6,2927,3860,104,0,1655,0,6,1,80,32,3782,161,0,1061,3,39,144,0,10,0,0,49,2,105,79,76,15,1,68,6736,3842,77,7,89,17,5,3,1400,33,1103,1916,23,5,3,982,69,834,1676,1771,3574,264,503,6,147,4,2,803,0,44,1,1,81,14,13,109,7,1008,8,0,81,111,5,0,23,168,56,131,203,459,5,3,488,0,3420,1113,225,872,3,28,99,5,0,2742,277,19,1365,972,1140,108,875,803
0,346,609,0,0,0,0,0,317,261,9,2,77,0,0,0,1,6,251,8,0,85,0,0,12,0,0,0,0,0,0,4,4,5,0,0,3,160,162,11,0,0,0,0,0,90,1,119,69,1,0,0,33,5,97,48,98,158,4,34,1,43,0,0,26,0,1,0,0,16,0,0,2,0,199,0,0,0,4,0,23,0,6,0,3,27,29,0,0,25,0,213,44,7,49,1,0,10,0,0,259,8,5,51,59,31,0,30,16
13,2532,1962,3,80,37,0,19,795,2112,71,0,164,0,25,4,18,20,1495,628,0,315,4,361,62,18,40,0,4,572,0,93,129,406,78,1,275,728,773,9,20,266,17,26,13,1845,106,214,350,8,61,11,68,89,237,794,239,1492,70,326,1,55,13,1,442,2,28,15,8,67,3,28,1038,17,285,120,2,440,73,18,168,6,0,330,541,148,522,10,0,408,0,3353,233,32,162,12,14,145,10,0,1588,470,8,117,111,1343,530,200,106
0,1353,594,0,0,20,0,11,191,408,0,0,15,0,11,0,4,5,865,60,0,47,6,116,20,0,25,0,1,87,0,60,66,228,39,0,22,236,306,0,20,90,0,28,2,355,3,61,111,5,9,3,4,4,18,447,91,888,31,99,0,7,12,1,133,0,9,1,8,36,0,16,174,0,34,47,2,192,29,13,56,0,330,0,164,1,181,6,0,152,0,1204,55,9,18,0,11,53,5,0,555,227,0,23,24,771,474,65,43
0,1524,928,0,1,12,0,10,412,1030,12,0,114,0,13,0,9,12,830,80,0,216,2,161,25,0,29,0,1,395,0,48,36,213,61,0,24,414,425,4,12,116,6,20,2,669,15,124,223,5,36,7,59,25,101,422,194,960,42,202,2,19,7,1,367,0,12,3,6,26,0,10,201,1,202,75,2,240,48,27,131,3,541,164,0,24,301,3,0,243,0,1236,106,25,78,3,3,54,13,0,1083,467,2,66,72,606,371,92,56
1,2697,3303,8,60,3,0,0,1294,2833,35,0,357,0,0,0,25,16,1853,115,0,801,0,1,53,0,2,0,3,1,4,12,11,16,4,0,100,1278,1600,30,0,16,11,2,0,1182,47,723,720,0,1,1,213,89,771,533,421,1260,41,340,7,91,1,0,318,0,44,0,0,118,11,1,107,23,773,1,0,6,15,0,203,27,148,1,24,0,224,1,0,267,0,2342,539,66,459,41,1,84,0,0,2135,116,10,143,156,377,11,367,103
23,5337,1095,4,27,22,0,9,4765,4084,91,1,644,0,29,2,85,35,2702,173,0,1030,3,185,379,0,22,0,10,264,1,59,39,291,102,1,119,2211,1825,18,17,418,20,18,3,1751,59,560,1307,15,28,8,357,111,1049,1270,1118,3352,135,1008,8,159,8,2,1270,0,45,2,1,114,15,22,346,16,1675,51,0,485,67,18,459,29,522,181,301,224,0,7,1,512,1,4610,550,144,495,15,11,212,4,0,2987,566,66,491,450,1297,372,363,301
14,208,24,3,1,7,0,0,80,77,20,0,16,0,0,1,1,2,114,0,0,16,0,9,7,1,1,0,0,12,0,1,5,18,2,6,7,48,62,0,0,80,0,0,43,31,1,2,33,0,2,1,2,4,52,59,39,129,16,1,0,7,6,0,73,0,6,1,0,1,0,17,8,2,12,2,0,10,2,1,5,0,10,6,3,1,7,0,0,43,0,145,9,1,5,0,18,3,0,0,73,14,1,3,13,86,12,22,13
0,10,12,0,4,0,0,0,6,6,19,0,2,0,0,0,0,0,3,1,0,2,0,0,0,2,0,0,0,0,0,0,0,0,0,0,7,4,3,0,0,0,0,0,0,2,2,0,2,0,0,0,1,6,2,5,2,6,1,2,0,1,0,0,6,0,0,0,0,0,1,1,3,33,2,0,0,1,0,0,3,0,0,0,0,0,1,0,0,22,0,6,1,0,0,0,0,0,0,0,7,1,0,0,1,0,0,0,2
30,4288,3668,13,28,50,0,42,1967,3510,336,1,843,0,11,3,37,20,2263,202,0,1533,4,123,90,11,37,0,6,204,1,35,50,224,36,8,105,1968,2004,24,15,228,265,43,49,1506,37,611,937,9,7,3,287,88,778,1210,1083,2664,194,470,14,124,13,0,1656,4,74,2,7,157,4,28,214,104,1312,42,0,169,62,16,488,25,408,152,243,267,512,43,22,0,0,5661,559,104,478,13,26,109,7,0,5195,678,27,351,455,1316,271,466,384
0,0,0,0,0,0,0,0,1,0,0,0,0,0,0,0,0,0,0,0,0,0,0,0,0,0,0,0,0,0,0,0,0,0,0,0,0,0,0,0,0,0,0,0,0,0,0,0,0,0,0,0,0,0,0,0,0,0,0,0,0,0,0,0,0,0,0,0,0,0,0,0,0,0,0,0,0,0,0,0,0,0,0,0,0,0,1,0,0,0,0,1,0,0,0,0,0,0,0,0,0,0,0,0,0,0,0,0,0
149,38985,35990,55,202,115,0,56,16465,49386,1288,4,7152,3,66,6,352,160,23357,1314,0,13407,12,859,925,14,123,0,11,1668,6,366,343,1255,222,21,529,19807,20189,212,72,1209,261,93,103,24729,200,6995,8480,37,55,27,2775,473,6545,8879,9530,23571,972,4197,85,863,26,9,9752,6,338,20,26,860,86,90,1608,99,14803,363,2,1432,362,55,3420,213,3353,1204,1236,2342,4610,145,6,5661,1,0,4588,876,3765,61,61,777,40,0,41882,3761,145,3867,4261,10636,2389,3599,2291
14,6777,6855,4,41,8,0,5,3624,5566,113,0,1428,0,15,3,109,42,4792,236,0,1562,1,50,162,2,14,0,3,64,3,108,64,108,35,1,57,4898,4352,58,10,109,14,14,4,1825,36,2048,2096,19,10,5,824,77,1763,1616,1601,3719,163,651,14,219,2,3,1119,2,70,0,4,122,16,10,145,9,3953,5,0,143,69,6,1113,44,233,55,106,539,550,9,1,559,0,4588,0,899,831,18,41,147,5,0,3890,324,27,869,947,1169,138,876,552
3,983,871,3,4,1,0,0,638,1007,23,0,311,0,0,1,22,18,836,37,0,338,0,5,27,0,2,0,0,9,2,10,14,8,4,1,23,865,648,22,0,25,3,1,1,305,7,261,387,4,1,0,164,19,195,367,360,778,47,119,3,15,1,0,198,0,9,0,1,23,5,1,27,4,863,0,0,15,23,1,225,7,32,9,25,66,144,1,0,104,0,876,899,0,1379,5,6,25,0,0,790,61,12,249,214,211,12,146,210
11,5029,4959,5,23,4,0,2,3075,4246,101,0,1246,0,8,0,116,30,3480,151,0,1362,0,37,166,3,2,0,4,36,3,67,40,55,8,2,49,3584,3160,72,3,61,9,3,3,1351,24,1379,1597,9,1,1,779,66,1344,1249,1321,2861,128,557,8,167,1,1,806,0,52,1,0,129,19,5,92,14,3046,5,0,56,43,7,872,49,162,18,78,459,495,5,0,478,0,3765,831,1379,0,16,20,106,3,0,3474,246,23,636,729,866,73,698,486
1,54,101,3,71,2,0,0,31,80,4,0,15,0,1,1,2,3,36,18,0,30,0,0,0,0,0,0,0,0,1,0,3,2,0,0,116,30,32,1,0,2,6,0,0,9,28,18,22,0,0,0,7,16,13,18,22,33,6,21,2,4,0,0,14,0,0,0,0,2,0,0,94,25,23,0,0,0,1,0,3,1,12,0,3,41,15,0,0,13,0,61,18,5,16,0,0,2,0,0,42,2,1,10,10,9,2,7,10
0,108,51,1,2,11,0,6,26,39,0,0,27,0,1,0,1,2,54,7,0,11,0,4,2,0,5,0,0,8,0,9,18,6,1,3,5,69,109,0,2,16,0,8,9,17,4,15,35,1,3,0,5,0,10,78,18,62,24,8,0,2,3,0,21,0,3,1,1,1,0,5,10,0,29,3,0,7,12,1,28,0,14,11,3,1,11,18,0,26,0,61,41,6,20,0,0,6,0,0,32,13,0,7,7,42,12,26,16
3,1513,1816,1,2,1,0,1,399,511,12,0,77,0,11,2,8,6,628,55,0,130,2,78,30,0,5,0,4,51,0,22,19,144,27,0,15,360,424,2,5,16,0,9,3,296,11,243,345,10,19,1,50,9,117,228,132,623,14,181,2,56,1,0,148,0,17,1,1,34,0,4,86,1,206,8,0,52,12,0,99,10,145,53,54,84,212,3,0,109,0,777,147,25,106,2,6,0,7,0,538,122,3,46,50,337,112,106,32
0,72,9,0,0,2,0,0,25,23,0,0,5,0,2,0,11,0,22,1,0,3,0,7,4,0,1,0,1,4,0,3,1,7,4,0,6,12,15,0,1,16,0,1,0,16,0,1,12,1,3,1,0,4,1,12,3,40,0,8,1,0,0,0,18,0,0,0,0,1,0,1,9,0,6,2,0,14,3,1,5,0,10,5,13,0,4,0,0,7,0,40,5,0,3,0,0,7,0,0,15,10,0,4,0,13,11,6,2
0,0,0,0,0,0,0,0,0,0,0,0,0,0,0,0,0,0,0,0,0,0,0,0,0,0,0,0,0,0,0,0,0,0,0,0,0,0,0,0,0,0,0,0,0,0,0,0,0,0,0,0,0,0,0,0,0,0,0,0,0,0,0,0,0,0,0,0,0,0,0,0,0,0,0,0,0,0,0,0,0,0,0,0,0,0,0,0,0,0,0,0,0,0,0,0,0,0,0,0,0,0,0,0,0,0,0,0,0
83,28812,28616,45,147,62,0,25,14496,28723,1092,2,6065,1,33,3,290,157,17353,723,0,12213,4,366,766,7,61,0,3,813,8,232,235,708,80,14,309,14969,13743,187,28,680,101,43,71,10099,141,5939,6443,29,22,9,2786,379,6088,6268,7759,16678,688,3073,55,859,16,5,2172,2,376,9,10,1245,87,42,814,61,12284,144,0,663,203,39,2742,259,1588,555,1083,2135,2987,73,7,5195,0,41882,3890,790,3474,42,32,538,15,0,0,1545,141,2808,3281,6322,936,2620,1824
14,2952,2358,5,9,21,0,20,1223,2117,79,0,307,0,15,2,31,14,1431,120,0,547,2,213,86,1,31,0,7,395,0,65,60,253,53,4,73,1019,983,13,20,207,3,32,10,974,30,305,546,15,16,4,115,40,357,847,538,1753,131,382,5,60,2,2,814,1,37,7,5,153,9,28,253,9,531,78,2,335,54,19,277,8,470,227,467,116,566,14,1,678,0,3761,324,61,246,2,13,122,10,0,1545,0,6,158,153,1061,351,279,160
7,234,198,1,1,0,0,0,175,171,2,0,39,0,0,0,14,7,105,8,0,56,0,0,111,0,0,0,0,0,0,1,1,4,0,0,2,98,77,3,0,8,0,0,0,57,2,30,62,1,0,0,34,3,55,45,85,140,10,45,0,13,0,0,64,0,2,0,0,4,0,0,4,1,100,0,0,0,1,0,19,5,8,0,2,10,66,1,0,27,0,145,27,12,23,1,0,3,0,0,141,6,0,36,27,44,2,18,10
8,7156,4705,8,31,12,0,2,2958,5182,98,0,2602,0,3,0,59,24,7948,166,0,1256,1,25,167,1,6,0,1,24,2,33,42,74,7,2,50,6444,5363,76,5,43,31,5,0,1650,18,2267,2319,5,1,6,866,93,990,2870,2737,5602,293,460,9,155,10,2,725,0,41,0,1,51,12,9,62,7,8280,3,0,35,96,4,1365,51,117,23,66,143,491,3,0,351,0,3867,869,249,636,10,7,46,4,0,2808,158,36,0,2841,2503,75,662,1110
4,9897,5513,12,31,13,0,2,2948,6173,83,0,3642,0,6,2,57,21,10941,109,0,1529,1,12,134,1,8,0,0,22,2,34,29,57,2,3,47,6142,5538,88,6,48,28,4,5,1401,18,3894,3144,7,1,1,1090,64,1503,2067,4968,5895,269,458,10,164,2,0,664,0,57,1,0,66,7,9,55,6,6464,9,0,30,88,4,972,59,111,24,72,156,450,13,1,455,0,4261,947,214,729,10,7,50,0,0,3281,153,27,2841,0,2783,114,650,933
52,17065,8047,13,55,57,0,30,4058,8158,345,0,3042,0,43,7,99,65,11653,441,0,1836,4,872,268,8,67,0,1,1036,0,216,218,1669,119,8,156,7094,6045,59,32,661,21,41,53,4045,44,2683,3868,33,56,15,934,123,1657,4133,3729,11838,491,974,15,281,18,0,1849,3,88,10,13,207,12,61,607,24,5204,201,0,764,186,23,1140,31,1343,771,606,377,1297,86,0,1316,0,10636,1169,211,866,9,42,337,13,0,6322,1061,44,2503,2783,0,465,1429,1057
4,3293,1139,0,3,34,0,19,425,737,16,0,58,0,51,0,6,15,1803,83,0,133,1,370,40,1,47,0,0,586,0,90,83,1017,83,0,45,490,588,3,26,177,0,38,6,604,12,161,213,8,36,9,24,17,100,828,148,1817,33,259,3,28,15,0,252,0,21,3,13,32,1,38,297,2,126,109,2,370,81,18,108,0,530,474,371,11,372,12,0,271,0,2389,138,12,73,2,12,112,11,0,936,351,2,75,114,465,0,152,88
18,4996,3551,3,27,2,0,1,1787,3557,127,0,1206,0,10,1,51,10,3390,238,0,832,2,55,95,1,4,0,2,43,1,184,40,92,14,1,60,4211,3745,40,1,103,12,3,15,1886,19,1164,1337,10,2,5,557,74,924,1371,1064,2931,288,400,5,129,1,1,639,2,53,0,2,129,8,5,95,9,2677,8,0,89,80,11,875,30,200,65,92,367,363,22,0,466,0,3599,876,146,698,7,26,106,6,0,2620,279,18,662,650,1429,152,0,794
15,3558,2070,6,27,4,0,3,1424,2632,103,0,1453,0,1,2,49,15,3246,71,0,803,1,24,75,3,3,0,0,66,2,69,76,58,7,1,48,3609,2934,59,2,85,11,5,15,681,15,1014,1270,7,3,3,618,40,446,1889,1441,2941,449,260,7,60,1,1,504,0,33,0,1,54,5,5,87,13,3272,7,0,54,265,4,803,16,106,43,56,103,301,13,2,384,0,2291,552,210,486,10,16,32,2,0,1824,160,10,1110,933,1057,88,794,0
