Ajwain Seeds,Almond,Almonds,Amchur Powder,Anardana,Anjeer,Apricots,Assorted Dried Fruits,Avocado Oil,Basil Leaves,Basil Seeds,Bay Leaf,Berries,Berries Mix,Betel Nuts,Big Mustard Seeds,Biryani Masala,Bisi Bele Bhath Masala,Black Cardamom Whole,Black Raisins,Black Salt,Black Sesame Seeds,Blended Cooking Oil,Brown Sugar,Canola Oil,Cashews,Cassia Bark (Taj),Chai Masala,Chana Masala,Chat Masala,Chia Seeds,Chicken Masala,Chilli Flakes,Chilli Oil,Chilli Powder,Chilli Whole,Chironji,Chole Masala,Chutney Powder,Cinnamon Powder,Cinnamon Whole (Dalchini),Clove Whole,Coconut Milk Powder,Coconut Oil,Coconut Powder,Combo,Coriander Powder,Coriander Seeds,Cow Ghee,Cranberries,Cumin Powder / Jeera Powder,Cumin Seeds / Jeera Seeds,Curry Masala,Dal Masala,Dates,Demerara Sugar,Dried Amla,Dried Apricots,Dried Blueberries,Dried Coconut,Dried Cranberries,Dried Dates,Dried Plums,Drops,Edible Oil,Egg Masala,Extra Light Olive Oil,Extra Virgin Olive Oil,Fish Masala,Flavoured Almonds,Flavoured Cashew,Flax Seeds,Garam Masala,Garam Masala Whole,Garlic Granules,Garlic Powder,Ghee,Gift Pack,Ginger Powder,Goda Masala,Gond,Green Cardamom Whole,Grinder,Groundnut,Groundnut Oil,Groundnuts,Gur Chana,Hemp Seed Oil,Hing Powder,Hing Whole,Italian Seasoning,Jaggery,Jaggery Cubes,Jaggery Powder,Jaljeera Masala,Javitri,Kalonji,Kasuri Methi,Kebab Masala,Khand,Kitchen King Masala,Kokum,Lemongrass,Makhana,Marathi Moggu,Masala,Meat Masala,Meat Ularthu Masala,Methi Seeds,Mishri,Mix,Mix Masala,Mix Nuts,Mix Seeds,Mixed Herbs,Munakka,Mustard Oil,Mustard Powder,Mutton Masala,Nutmeg Powder,Nutmeg Whole,Nuts,Oil,Olive Oil,Onion & Garlic Masala,Onion Powder,Oregano,Palmolein Oil,Paneer Masala,Pani Puri Masala,Paprika Powder,Parsley Leaves,Pav Bhaji Masala,Peanuts,Pepper Powder,Peppercorns,Pink Salt,Pistachios,Pomace Olive Oil,Poppy Seeds,Powder,Prunes,Puliogare Powder,Pumpkin Seeds,Pure Olive Oil,Raisins,Raita Masala,Rajma Masala,Rasam Masala,Rice Bran Oil,Rice Masala,Rock Salt,Sabzi Masala,Saffron,Salt,Salt Lite,Sambhar Masala,Sambhar Powder,Saunf Seeds,Seasoning,Seasoning Mix,Seeds,Seeds Mix,Sesame Oil,Small Mustard Seeds,Soyabean Oil,Spice,Spice Mix,Spices,Star Anise,Stevia Powder,Sugar,Sugar Powder,Sulphurless Sugar,Sunflower Oil,Sunflower Seeds,Sweetener,Tamarind (Imli),Tamarind Powder,Tikka Masala,Turmeric Powder,Turmeric Whole,Vanaspati,Vegetable Oil,Walnut Kernels,Walnuts,Watermelon Seeds,White Sesame Seeds
0,0,1679,2250,165,199,2,14,0,4,115,576,0,1,0,562,157,5,1112,60,1232,38,435,43,52,1406,1051,19,550,1893,71,639,130,0,7006,1439,63,568,39,3,43,1324,9,9,160,25,4975,1549,1353,0,1131,10887,11,66,195,0,25,37,7,46,9,75,3,0,1018,1,67,94,18,2,5,416,2731,196,0,2,2959,0,134,3,75,2297,14,9,297,0,15,0,3955,12,40,458,44,369,235,55,966,1969,4,87,1172,13,1,1170,9,24,531,0,4041,351,0,4,4,0,1,59,7315,0,1,0,84,3,0,67,10,0,223,23,170,65,0,7,458,2015,836,1605,6,183,182,86,2,1,15,315,37,1329,2,315,43,1157,1,864,1510,6,6211,1340,691,27,5409,255,11,30,4,120,2296,3587,1,0,1,31,0,2640,172,4789,1110,204,187,853,0,0,5668,68,92,9,481,87,220,450
0,0,0,0,0,0,0,0,0,0,0,0,0,0,0,0,0,0,0,0,0,0,0,0,0,0,0,0,0,0,0,0,0,0,0,0,0,0,0,0,0,0,0,0,0,0,0,0,0,0,0,0,0,0,0,0,0,0,0,0,0,0,0,0,0,0,0,0,0,0,0,0,0,0,0,0,0,0,0,0,0,0,0,0,0,0,0,0,0,0,0,0,0,0,0,0,0,0,0,0,0,0,0,0,0,0,0,0,0,0,0,0,0,0,0,0,0,0,0,0,0,0,0,0,0,0,0,0,0,0,0,0,0,0,0,0,0,0,0,0,0,0,0,0,0,0,0,0,0,0,0,0,0,0,0,0,0,0,0,0,0,0,0,0,0,0,0,0,0,0,0,0,0,0,0,0,0,0,0,0,0,0,0,0,0,0,0,0
1679,0,0,1391,61,3575,49,111,0,8,251,373,0,44,4,373,233,26,798,1079,979,63,581,73,79,33412,927,28,441,1651,319,822,138,0,6895,1358,598,568,53,4,30,988,25,74,459,51,4741,1114,3016,0,1056,8046,11,61,2784,0,178,511,82,416,95,912,42,0,1810,1,107,281,35,25,48,1209,2590,156,0,0,5933,1,120,1,137,2947,12,43,695,5,17,0,3465,16,48,1032,74,786,267,41,282,1169,4,179,1134,10,3,6818,8,30,660,0,1713,833,4,4,45,0,1,646,12225,0,3,1,58,37,0,59,15,1,252,68,200,84,1,11,408,6530,629,1410,11,5533,344,205,2,20,76,1807,70,22228,2,237,75,2082,3,910,1879,45,8803,1729,677,72,2418,329,7,240,33,253,1282,5765,0,0,0,16,0,5246,353,8166,2429,971,382,752,0,0,5915,51,136,19,11979,1770,1055,629
2250,0,1391,0,324,143,3,11,0,5,48,374,0,1,1,347,264,12,817,36,1309,18,456,23,54,1209,632,47,1027,4482,49,811,166,0,9741,1286,64,1186,110,5,28,846,19,11,235,36,7160,1188,1528,0,1904,7652,18,106,186,0,32,23,5,36,4,50,6,0,1134,0,92,101,33,4,2,168,4322,192,0,1,3362,0,254,5,51,1666,15,5,290,1,11,0,5215,12,56,391,31,283,491,35,261,2100,8,114,1789,7,4,1070,4,51,621,0,1439,278,1,1,6,0,0,51,6643,0,1,0,74,3,0,72,5,3,254,23,281,166,0,11,906,1875,1247,1051,8,146,221,40,1,1,25,161,29,933,5,655,77,1182,2,1011,1910,8,6189,1409,1439,35,2373,329,6,24,3,95,1381,3802,1,0,1,13,0,2547,231,5148,1168,116,199,1159,0,0,6215,23,90,21,376,81,122,236
165,0,61,324,0,18,0,0,0,0,8,26,0,0,0,20,10,0,148,3,49,0,31,0,1,75,100,0,103,168,3,33,12,0,417,109,9,103,9,0,0,101,0,0,34,0,230,113,62,0,73,395,0,9,6,0,23,1,1,2,1,4,1,0,64,0,4,8,1,1,1,19,144,33,0,0,173,0,21,0,24,201,2,0,16,0,2,0,214,0,8,21,6,19,25,24,32,159,0,9,77,0,0,62,0,2,37,0,118,20,0,1,2,0,0,2,299,0,0,0,35,0,0,5,0,1,15,0,16,6,1,2,49,73,59,131,0,5,18,5,0,0,0,16,0,47,0,31,4,62,0,61,66,2,284,66,57,0,230,24,2,2,0,6,92,174,0,0,0,0,0,112,15,253,38,15,15,156,0,0,226,3,12,1,18,4,21,31
199,0,3575,143,18,0,53,54,0,1,72,54,0,15,0,57,28,8,91,477,142,17,59,15,7,2828,113,5,40,138,80,88,19,0,580,192,71,54,8,1,7,126,4,18,43,55,401,151,350,0,90,742,3,17,881,0,60,453,47,47,45,346,27,0,180,0,18,46,5,7,11,288,248,20,0,0,465,0,13,2,30,321,5,4,109,0,4,0,361,4,8,152,15,118,41,6,42,136,0,16,104,1,1,978,1,3,62,0,228,56,0,0,16,0,0,388,1022,0,0,0,11,7,0,5,4,0,31,6,32,10,0,0,48,820,64,181,3,1247,31,32,0,18,13,486,8,2472,0,35,18,251,0,126,204,9,718,172,77,11,327,43,2,51,15,42,183,368,0,0,0,5,0,412,24,774,284,230,34,107,0,0,535,6,11,1,2587,305,211,158
2,0,49,3,0,53,0,2,0,0,1,2,0,6,0,3,0,0,1,11,3,0,1,0,0,51,0,1,0,2,1,1,1,0,8,2,3,0,1,0,0,0,0,0,0,0,6,4,8,0,1,9,0,0,17,0,1,10,7,0,11,13,8,0,7,0,0,1,0,1,1,2,1,0,0,0,6,0,0,0,0,3,0,0,2,0,1,0,3,0,0,1,0,0,0,0,0,0,0,0,1,0,0,17,0,0,0,0,4,0,0,0,2,0,0,2,7,0,0,0,0,2,0,1,0,0,0,1,0,1,0,0,1,15,0,3,0,28,0,1,0,11,2,15,0,46,0,0,1,1,0,2,1,0,13,1,1,1,4,2,0,0,5,1,4,2,0,0,0,1,0,7,1,11,5,3,1,1,0,0,7,0,0,0,32,10,7,0
14,0,111,11,0,54,2,0,0,1,5,4,0,12,0,1,6,0,5,11,7,0,4,0,3,139,7,0,5,17,3,8,1,0,47,17,14,13,0,0,0,13,1,0,18,7,44,2,34,0,15,39,1,4,28,0,14,24,11,9,12,10,3,0,12,0,0,5,2,3,5,15,32,4,0,0,76,0,3,0,3,26,0,2,1,0,3,0,31,0,1,13,5,10,7,0,5,10,0,1,10,0,0,82,0,0,9,0,8,10,0,0,37,0,0,11,109,0,0,0,0,10,0,1,0,0,0,1,8,1,0,0,5,61,7,7,0,67,6,1,1,0,0,13,2,91,0,2,1,17,0,7,21,2,55,12,3,0,25,4,0,4,3,3,9,48,0,0,0,0,0,45,5,54,17,12,6,3,0,0,47,1,1,1,91,10,11,7
0,0,0,0,0,0,0,0,0,0,0,0,0,0,0,0,0,0,0,0,0,0,0,0,0,0,0,0,0,0,0,0,0,0,0,0,0,0,0,0,0,0,0,0,0,0,0,0,0,0,0,0,0,0,0,0,0,0,0,0,0,0,0,0,0,0,0,0,0,0,0,0,0,0,0,0,0,0,0,0,0,0,0,0,0,0,0,1,0,0,0,0,0,0,0,0,0,0,0,0,0,0,0,0,0,0,0,0,0,0,0,0,0,0,0,0,0,0,0,0,0,0,0,0,0,0,0,0,0,0,0,0,0,0,0,0,0,0,0,0,0,0,0,0,0,0,0,0,0,0,0,0,0,0,0,0,0,0,0,0,0,0,0,0,0,0,0,0,0,0,0,0,0,0,0,0,0,0,0,0,0,0,0,0,0,0,0,0
4,0,8,5,0,1,0,1,0,0,1,2,0,0,0,2,3,0,6,2,6,1,0,1,0,11,4,0,1,8,2,5,38,0,25,8,0,2,1,0,0,14,0,0,1,3,15,7,9,0,8,17,0,0,1,0,0,1,2,0,1,0,1,0,9,0,5,25,0,0,0,1,15,0,0,0,10,0,5,0,0,11,8,0,1,0,0,0,15,0,17,1,0,3,5,2,7,11,1,0,3,1,5,1,0,1,2,0,5,1,0,0,0,0,0,0,15,0,0,0,3,0,0,0,0,1,76,1,3,0,0,64,6,7,17,7,2,3,2,0,0,0,0,2,2,4,0,0,0,7,0,3,7,0,19,5,5,0,12,108,6,3,0,0,9,8,1,0,0,1,0,9,0,16,13,1,5,1,0,0,16,2,1,0,5,0,1,6
115,0,251,48,8,72,1,5,0,1,0,23,0,2,0,40,11,2,41,41,53,13,24,6,4,201,47,3,10,63,177,34,12,0,220,86,11,17,8,1,8,41,1,6,31,3,126,87,98,0,64,299,0,5,109,0,7,18,4,10,7,33,2,0,61,0,8,19,1,0,0,383,65,2,0,0,108,0,3,0,84,92,3,1,31,0,0,0,105,3,9,41,2,53,16,3,43,56,1,15,30,4,0,135,2,4,20,0,144,21,0,0,1,0,0,7,279,0,0,1,5,1,0,4,2,1,16,5,3,7,0,2,25,211,24,53,1,67,19,23,0,2,3,420,2,179,0,12,7,90,0,45,51,3,267,49,35,5,210,30,2,37,2,11,110,120,0,0,0,6,0,167,7,242,118,327,18,54,0,0,167,1,3,1,94,20,264,136
576,0,373,374,26,54,2,4,0,2,23,0,0,2,0,253,253,19,1027,35,404,34,85,37,6,665,1822,22,74,440,15,531,51,0,1804,1648,12,254,7,0,193,1509,14,17,43,15,1346,526,616,0,788,2140,25,15,99,0,2,6,1,20,0,34,0,0,329,3,23,45,11,1,1,64,1071,49,0,0,516,0,17,6,23,1507,7,1,122,0,1,0,781,14,16,153,23,154,60,53,196,882,5,4,322,12,0,185,85,11,292,0,604,58,0,1,7,0,0,9,1668,0,5,1,40,0,0,6,9,0,66,20,106,24,0,3,161,661,403,823,2,78,27,124,0,0,34,51,11,400,2,109,35,340,0,152,378,3,1512,287,214,44,677,77,1,4,5,41,692,465,1,0,2,164,0,665,12,1081,648,31,51,262,1,0,1523,20,13,3,98,23,55,179
0,0,0,0,0,0,0,0,0,0,0,0,0,0,0,0,0,0,0,0,0,0,0,0,0,0,0,0,0,0,0,0,0,0,0,0,0,0,0,0,0,0,0,0,0,0,0,0,0,0,0,0,0,0,0,0,0,0,0,0,0,0,0,0,0,0,0,0,0,0,0,0,0,0,0,0,0,0,0,0,0,0,0,0,0,0,0,0,0,0,0,0,0,0,0,0,0,0,0,0,0,0,0,0,0,0,0,0,0,0,0,0,0,0,0,0,0,0,0,0,0,0,0,0,0,0,0,0,0,0,0,0,0,0,0,0,0,0,0,0,0,0,0,0,0,0,0,0,0,0,0,0,0,0,0,0,0,0,0,0,0,0,0,0,0,0,0,0,0,0,0,0,0,0,0,0,0,0,0,0,0,0,0,0,0,0,0,0
1,0,44,1,0,15,6,12,0,0,2,2,0,0,0,2,1,1,0,7,3,0,2,3,0,46,1,0,1,6,4,3,1,0,7,3,0,0,0,0,0,0,1,2,2,1,6,1,10,0,3,10,0,0,11,0,3,7,5,1,2,8,1,0,5,0,0,2,0,1,1,2,2,0,0,0,4,0,0,0,0,4,1,0,2,0,0,0,4,0,0,4,0,1,1,0,0,4,0,0,0,0,0,8,0,0,0,0,5,0,0,0,20,0,0,1,11,0,0,0,0,2,0,0,0,0,2,1,1,0,0,0,0,9,3,4,1,24,0,1,0,6,1,7,0,22,0,0,2,1,0,2,3,0,10,4,2,2,4,3,0,3,5,1,6,1,0,0,0,0,0,6,0,12,5,4,1,1,0,0,7,0,0,0,15,6,3,5
0,0,4,1,0,0,0,0,0,0,0,0,0,0,0,0,1,0,3,0,0,0,1,0,0,3,4,0,2,3,0,0,0,0,7,2,1,1,0,0,0,14,0,0,1,0,4,4,3,0,1,8,0,0,0,0,0,0,0,3,0,0,0,0,0,0,1,0,0,0,0,1,2,0,0,0,7,0,1,0,1,14,0,0,0,0,0,0,1,0,0,4,0,2,0,0,1,3,0,0,1,0,0,4,0,0,1,0,2,3,0,0,1,0,0,0,8,0,0,0,4,0,0,0,0,0,0,0,0,0,0,0,2,2,0,0,0,2,0,0,0,0,0,0,0,1,0,1,0,0,0,0,1,0,6,2,1,0,4,0,0,0,0,1,1,4,0,0,0,0,0,5,2,10,0,0,0,1,0,0,3,6,0,0,0,1,0,0
562,0,373,347,20,57,3,1,0,2,40,253,0,2,0,0,79,16,147,32,206,45,136,43,14,482,280,14,66,341,31,216,33,0,1836,800,7,156,17,0,21,315,12,62,37,9,1208,529,585,0,436,3428,13,20,96,0,2,9,0,29,1,27,0,0,352,3,22,31,9,2,2,81,615,26,0,0,648,0,18,6,12,467,8,0,296,0,2,0,990,16,7,291,35,181,46,9,165,369,7,15,200,11,0,160,20,18,119,0,1030,50,0,0,2,0,0,8,1146,0,3,0,12,1,0,16,10,0,49,41,36,18,0,5,124,1136,186,482,2,73,38,92,0,2,54,81,5,319,1,59,56,490,2,214,296,3,2045,386,253,63,763,69,2,8,2,142,682,469,0,0,0,22,0,834,19,1519,1153,42,55,421,0,0,1604,17,12,4,89,16,52,219
157,0,233,264,10,28,0,6,0,3,11,253,0,1,1,79,0,21,205,19,133,3,85,16,11,406,254,21,129,493,7,870,47,0,1239,265,12,370,17,0,28,238,8,13,28,12,795,136,426,0,397,867,46,59,48,0,1,7,0,23,0,16,1,0,203,4,10,17,19,1,2,32,845,56,0,0,349,0,26,10,2,344,4,2,67,0,2,0,432,7,14,70,10,68,106,18,38,277,23,11,391,5,0,150,15,25,380,0,149,31,0,5,2,0,0,3,926,0,9,1,17,0,0,9,23,1,48,10,194,61,0,2,332,394,189,176,1,62,22,28,0,0,26,31,8,198,6,213,48,256,3,96,558,10,854,187,363,33,198,73,1,3,2,21,211,433,0,0,1,25,0,409,12,683,397,14,32,104,0,0,829,3,7,4,58,8,36,77
5,0,26,12,0,8,0,0,0,0,2,19,0,1,0,16,21,0,3,5,8,0,9,7,0,49,26,2,4,19,3,30,3,0,110,52,0,21,11,0,0,14,1,7,5,1,58,12,50,0,17,95,4,2,11,0,0,2,0,0,0,3,0,0,16,2,0,4,0,0,0,4,60,0,0,0,55,0,0,0,0,23,0,0,22,0,0,0,51,0,1,28,4,21,4,0,0,18,1,0,12,0,0,9,8,5,10,0,33,2,0,0,0,0,0,0,15,0,2,0,0,0,0,0,0,0,1,13,4,3,0,0,20,111,9,29,0,6,0,14,1,0,154,2,0,31,0,6,47,31,0,2,28,1,137,19,40,66,22,5,2,2,1,6,35,8,0,0,0,2,0,48,0,95,137,0,4,34,0,0,79,0,1,0,6,1,2,6
1112,0,798,817,148,91,1,5,0,6,41,1027,0,0,3,147,205,3,0,49,475,15,194,21,39,1047,2957,9,244,833,27,568,76,0,3100,1350,40,323,22,2,145,3211,5,7,107,20,1990,860,634,0,636,3717,6,29,100,0,22,16,8,44,7,28,1,0,498,1,30,59,12,3,2,112,1290,203,0,0,1234,0,92,3,27,4355,8,5,105,0,3,0,1370,7,24,200,11,116,95,252,249,914,2,39,487,8,4,505,33,13,465,0,803,123,0,1,1,0,0,29,3109,0,1,2,268,0,0,28,5,1,108,5,101,31,0,9,209,844,472,2233,2,158,98,76,1,0,10,119,15,667,0,168,20,541,0,337,558,5,2293,607,320,17,1541,133,1,6,4,40,745,1408,1,0,0,129,0,1058,69,2187,490,67,86,431,0,0,2123,30,53,3,205,36,92,179
60,0,1079,36,3,477,11,11,0,2,41,35,0,7,0,32,19,5,49,0,64,16,13,8,4,914,36,2,9,48,46,42,5,0,198,69,10,18,3,0,10,44,1,9,17,12,123,51,111,0,39,246,2,2,209,0,14,113,23,15,29,90,9,0,51,0,8,17,1,5,5,145,80,1,0,0,154,0,3,1,12,109,1,3,58,0,2,0,93,3,2,47,8,49,6,1,28,62,2,8,36,1,0,210,4,3,13,0,81,16,0,0,1,0,0,51,243,0,0,0,6,2,0,2,0,0,7,3,4,3,0,1,19,271,28,64,3,320,10,19,0,11,3,260,6,819,0,8,7,86,0,42,57,2,215,52,33,6,104,16,0,25,6,17,85,98,0,0,0,2,0,106,7,223,132,116,16,36,0,0,145,2,0,0,529,64,123,71
1232,0,979,1309,49,142,3,7,0,6,53,404,0,3,0,206,133,8,475,64,0,16,218,46,33,1031,419,22,278,3496,59,531,143,0,3753,805,31,425,31,2,24,512,5,12,81,31,2447,629,953,0,1021,3877,13,43,171,0,11,26,8,20,2,65,3,0,637,2,48,97,14,3,5,151,1483,64,0,0,1648,0,58,2,34,1032,54,5,202,0,9,0,2043,6,43,354,43,310,342,12,189,875,4,76,727,9,1,755,3,30,380,0,767,258,1,2,0,0,3,40,4367,0,2,0,23,1,0,48,9,2,184,24,130,114,1,2,293,1216,1102,801,22,171,108,58,0,0,24,124,33,797,2,198,32,711,0,958,1021,6,4688,1200,465,29,1162,241,11,18,2,79,784,1722,1,0,1,17,0,1722,131,3285,821,62,193,405,0,0,2901,15,31,8,276,67,97,144
38,0,63,18,0,17,0,0,0,1,13,34,0,0,0,45,3,0,15,16,16,0,12,13,0,85,38,0,2,16,24,10,6,0,69,99,0,14,2,0,2,51,2,18,5,2,41,65,59,0,20,149,2,0,17,0,0,0,1,3,0,11,1,0,16,0,2,7,1,0,0,85,39,0,0,0,58,0,0,0,1,46,0,0,35,0,0,0,58,4,1,96,11,42,8,2,18,25,0,0,10,1,0,15,3,1,4,0,82,3,0,0,0,0,0,0,50,0,0,0,2,0,0,2,1,0,7,3,4,2,0,2,6,128,12,58,0,11,1,36,0,1,5,90,1,53,0,5,5,24,0,11,14,0,112,18,18,11,69,8,1,35,1,55,97,12,1,0,0,3,0,55,0,84,106,20,4,55,0,0,79,3,1,0,19,7,49,238
435,0,581,456,31,59,1,4,0,0,24,85,0,2,1,136,85,9,194,13,218,12,0,22,25,546,161,15,135,493,16,245,57,0,2344,366,10,187,10,1,8,236,10,25,58,21,1438,290,1145,0,413,2000,6,31,93,0,8,18,5,27,4,22,2,0,362,0,45,80,8,1,1,58,764,39,0,0,1613,0,20,4,11,529,6,3,98,0,4,0,919,4,13,148,22,110,48,20,60,307,1,44,288,2,1,365,3,12,176,0,301,64,0,0,2,0,1,14,3243,0,0,0,13,0,0,44,2,0,81,22,58,22,1,1,157,750,216,305,1,82,96,33,1,0,22,45,21,326,2,101,25,265,0,335,459,2,2471,848,233,30,526,100,1,8,2,97,404,262,0,0,0,3,0,992,71,3196,301,21,129,238,0,0,1639,9,25,12,134,38,36,86
43,0,73,23,0,15,0,0,0,1,6,37,0,3,0,43,16,7,21,8,46,13,22,0,1,115,34,3,9,29,7,35,14,0,192,117,2,25,5,0,0,43,8,19,10,3,120,51,124,0,52,245,3,3,27,0,0,1,0,0,0,15,1,0,83,0,3,16,1,0,0,20,71,1,0,0,119,0,1,0,0,71,0,0,89,0,0,0,127,3,1,68,13,162,2,0,10,34,1,1,33,0,1,44,4,0,16,0,86,12,0,0,0,0,0,1,211,0,0,0,1,0,0,3,0,0,5,8,5,1,0,2,19,156,22,68,1,27,9,22,0,1,12,18,2,66,0,8,7,101,0,29,53,0,352,88,33,14,61,9,0,4,0,39,95,38,0,0,1,6,0,199,6,468,192,0,15,53,0,0,170,3,1,1,20,14,16,37
52,0,79,54,1,7,0,3,0,0,4,6,0,0,0,14,11,0,39,4,33,0,25,1,0,55,24,0,17,61,0,24,5,0,264,36,1,24,3,0,2,21,1,0,10,0,172,35,134,0,39,237,0,9,12,0,3,1,1,3,0,1,0,0,54,0,6,16,0,0,1,9,93,2,0,0,189,0,1,0,2,60,0,0,10,0,0,0,121,0,5,21,0,14,9,1,8,50,0,13,40,0,0,53,0,2,29,0,26,14,0,0,1,0,1,1,534,0,0,0,1,2,0,7,1,0,8,1,10,1,0,0,23,77,27,30,1,9,37,1,0,0,0,11,9,29,0,15,1,46,0,60,72,0,213,97,20,0,73,13,0,0,0,12,51,46,0,0,0,0,0,116,9,323,31,6,17,28,0,0,192,2,3,2,23,3,9,11
1406,0,33412,1209,75,2828,51,139,0,11,201,665,0,46,3,482,406,49,1047,914,1031,85,546,115,55,0,1217,41,405,1677,212,1108,168,0,6852,1874,835,644,69,3,46,1323,51,126,612,68,4589,1101,3486,0,1424,7605,22,70,2454,0,160,556,84,483,89,954,24,0,1789,2,88,227,44,61,52,844,2644,198,0,0,5540,0,130,5,134,3549,16,44,888,5,11,0,3242,16,55,1211,116,842,270,60,324,1627,9,106,1248,15,3,6917,35,38,796,0,1578,795,1,3,51,0,0,507,11328,0,5,3,90,37,0,68,13,1,272,83,434,108,2,15,402,6751,655,1704,12,6822,281,381,4,19,120,1351,70,25373,4,256,105,2105,0,837,1897,58,8639,1595,672,113,1987,337,5,173,30,311,1544,5380,1,0,1,61,0,5212,294,8158,3028,684,352,948,0,0,5647,41,120,18,8113,1097,1295,700
1051,0,927,632,100,113,0,7,0,4,47,1822,0,1,4,280,254,26,2957,36,419,38,161,34,24,1217,0,16,195,716,41,676,68,0,3180,1614,38,308,21,2,24,3455,16,22,127,20,2097,750,755,0,849,3896,10,26,141,0,8,22,4,28,3,58,0,0,496,1,26,54,24,1,3,199,1407,137,0,1,1062,0,79,4,34,3462,5,3,189,1,3,0,1263,11,28,303,30,230,123,176,268,1027,3,30,509,9,1,516,91,25,476,0,1162,172,0,4,0,0,0,20,3279,0,7,1,195,3,0,11,6,0,101,37,123,43,0,14,202,1129,460,1949,1,135,88,183,0,1,46,142,16,840,1,152,51,661,1,262,616,5,2923,576,329,54,1481,114,4,10,5,52,1003,1471,0,0,3,154,0,1387,54,2071,930,78,106,490,1,0,2408,39,40,4,239,43,111,254
19,0,28,47,0,5,1,0,0,0,3,22,0,0,0,14,21,2,9,2,22,0,15,3,0,41,16,0,4,65,1,31,5,0,127,30,1,43,3,1,10,20,0,3,1,2,79,19,67,0,38,74,4,5,8,0,0,2,0,1,0,0,2,0,27,2,3,1,2,0,0,1,72,0,0,0,55,0,8,1,0,52,0,0,30,0,0,0,65,3,1,8,2,13,17,2,4,26,6,0,34,1,0,20,1,4,27,0,16,1,0,1,0,0,0,0,60,0,1,0,0,1,0,1,3,0,4,1,13,7,0,2,44,59,27,15,0,3,2,2,1,0,2,4,0,11,0,10,8,36,0,13,47,1,97,31,30,7,30,12,0,0,1,4,31,17,0,0,0,1,0,46,0,138,65,1,10,15,0,0,86,0,1,0,6,0,3,8
550,0,441,1027,103,40,0,5,0,1,10,74,0,1,2,66,129,4,244,9,278,2,135,9,17,405,195,4,0,1526,10,465,45,0,2862,312,24,373,33,0,3,231,7,3,52,9,1748,250,403,0,430,1952,7,69,45,0,15,6,0,8,3,9,2,0,374,0,21,29,21,3,1,51,1566,62,0,1,1013,0,40,0,15,507,5,1,67,0,5,0,1264,0,18,100,6,64,212,14,50,603,1,43,1147,1,0,292,1,23,392,0,307,88,0,1,2,0,0,13,1976,0,2,0,19,0,0,18,0,1,88,5,238,54,0,3,524,414,274,295,2,46,72,7,1,0,6,60,9,317,3,877,45,347,4,211,897,3,1944,368,729,6,511,97,1,3,0,29,290,1279,0,0,0,1,0,739,80,1552,311,40,52,247,0,0,1778,6,40,6,92,15,50,40
1893,0,1651,4482,168,138,2,17,0,8,63,440,0,6,3,341,493,19,833,48,3496,16,493,29,61,1677,716,65,1526,0,66,1715,310,0,10059,1320,64,1675,117,6,31,961,19,18,211,65,6336,924,1604,0,2329,7446,46,198,266,0,24,25,2,35,12,67,3,0,1251,1,87,146,66,7,10,211,5388,194,0,2,3629,0,163,6,42,1880,47,7,311,2,12,0,4544,5,95,429,30,292,992,42,270,1982,15,121,2853,6,5,1195,5,84,1241,0,1152,303,0,4,6,0,1,50,7809,0,2,2,67,1,0,75,8,1,418,32,523,349,1,16,1341,2057,1725,1197,21,207,264,61,2,1,46,222,58,1270,8,818,135,1323,4,1278,3170,5,7573,1565,1609,55,1888,583,13,20,5,98,1253,4449,1,0,2,20,0,3050,231,5863,1371,140,262,904,0,0,6403,35,91,20,454,70,173,236
71,0,319,49,3,80,1,3,0,2,177,15,0,4,0,31,7,3,27,46,59,24,16,7,0,212,41,1,10,66,0,25,19,0,167,53,9,20,2,2,5,39,4,8,22,5,108,63,89,0,46,248,1,4,105,0,8,21,16,3,19,27,4,0,52,1,13,33,1,0,1,635,71,3,0,0,112,0,2,0,11,81,2,0,18,0,1,0,86,1,4,27,3,44,5,0,25,54,0,3,31,0,1,160,2,3,24,0,95,17,0,1,3,0,0,1,218,0,0,0,4,0,0,4,0,0,20,2,8,3,0,3,22,203,33,54,1,83,16,19,0,3,2,608,7,190,0,9,6,57,0,42,48,1,171,43,25,5,152,42,2,115,6,9,76,90,0,0,0,4,1,99,8,185,115,281,31,42,0,0,141,0,2,0,158,33,227,137
639,0,822,811,33,88,1,8,0,5,34,531,0,3,0,216,870,30,568,42,531,10,245,35,24,1108,676,31,465,1715,25,0,103,0,6671,1116,22,1078,17,1,33,643,30,24,84,30,4869,392,856,0,2057,4379,73,125,174,0,7,11,2,35,4,56,0,0,719,12,45,79,166,4,4,98,4567,184,0,3,1443,0,59,14,9,990,6,3,149,0,1,0,1535,6,28,213,18,193,360,31,149,995,70,22,1841,8,1,452,8,145,2976,1,509,160,0,12,1,0,1,16,6798,0,24,0,28,0,0,21,40,3,160,57,517,78,1,4,594,1249,752,691,3,110,86,59,2,0,49,88,18,739,3,538,120,911,1,327,2769,8,4958,802,907,79,606,216,9,5,2,64,721,3169,0,0,0,31,0,2449,46,2936,1145,52,139,284,0,0,4999,21,33,6,201,33,86,143
130,0,138,166,12,19,1,1,0,38,12,51,0,1,0,33,47,3,76,5,143,6,57,14,5,168,68,5,45,310,19,103,0,0,646,191,4,75,9,1,5,79,3,3,16,13,355,72,195,0,134,464,5,11,28,0,1,5,0,4,1,7,1,0,121,0,31,123,3,0,0,23,212,12,0,2,247,0,20,1,1,150,13,0,26,0,1,0,255,1,190,38,2,32,34,5,39,169,1,9,129,3,5,112,2,8,51,0,84,20,0,0,0,0,3,4,471,0,0,1,6,0,0,14,1,3,1646,1,29,23,1,77,76,197,202,110,5,27,59,16,1,0,2,29,17,86,1,51,8,115,2,98,245,0,447,93,90,2,154,2309,23,3,1,15,112,261,0,0,0,4,0,186,19,430,153,19,23,57,0,0,363,1,7,1,51,4,17,70
0,0,0,0,0,0,0,0,0,0,0,0,0,0,0,0,0,0,0,0,0,0,0,0,0,0,0,0,0,0,0,0,0,0,0,0,0,0,0,0,0,0,0,0,0,0,0,0,0,0,0,0,0,0,0,0,0,0,0,0,0,0,0,0,0,0,0,0,0,0,0,0,0,0,0,0,0,0,0,0,0,0,0,0,0,0,0,0,0,0,0,0,0,0,0,0,0,0,0,0,0,0,0,0,0,0,0,0,0,0,0,0,0,0,0,0,0,0,0,0,0,0,0,0,0,0,0,0,0,0,0,0,0,0,0,0,0,0,0,0,0,0,0,0,0,0,0,0,0,0,0,0,0,0,0,0,0,0,0,0,0,0,0,0,0,0,0,0,0,0,0,0,0,0,0,0,0,0,0,0,0,0,0,0,0,0,0,0
7006,0,6895,9741,417,580,8,47,0,25,220,1804,0,7,7,1836,1239,110,3100,198,3753,69,2344,192,264,6852,3180,127,2862,10059,167,6671,646,0,0,7552,196,3439,293,8,131,3382,103,200,732,150,51495,4519,7708,0,11381,42573,81,412,970,0,88,104,20,173,26,246,11,0,6308,12,317,525,195,16,9,746,22376,742,0,4,16271,0,487,29,167,6869,67,21,1751,3,40,0,17778,50,225,1793,147,1350,1352,167,1052,7678,58,396,8259,28,10,4049,36,215,4605,0,5286,1227,1,10,24,0,2,153,44940,0,17,4,218,3,0,247,76,9,868,414,1200,367,9,36,2399,8880,4557,5033,36,774,905,377,4,1,242,654,145,4926,11,1825,486,7368,11,3651,9928,29,43923,7763,3821,403,7401,1163,25,64,15,685,6148,25639,3,0,1,72,0,18119,878,28838,8791,421,1008,3135,1,0,56131,152,440,70,1675,321,530,929
1439,0,1358,1286,109,192,2,17,0,8,86,1648,0,3,2,800,265,52,1350,69,805,99,366,117,36,1874,1614,30,312,1320,53,1116,191,0,7552,0,47,554,64,0,81,1606,37,132,225,39,4136,2512,1650,0,1757,7744,31,66,298,0,16,42,11,58,8,111,1,0,970,6,54,113,32,5,1,196,2432,330,0,1,2121,0,81,4,41,2298,14,7,528,0,6,0,3072,43,53,842,70,564,209,91,495,1576,13,42,876,29,4,810,47,39,728,0,2188,256,1,2,11,0,0,42,6143,0,5,0,113,2,0,49,10,1,192,65,166,69,0,13,408,2998,824,2176,4,231,127,264,1,4,115,184,31,1185,3,262,126,1351,2,568,1337,7,5828,1125,868,161,1849,296,5,19,6,295,2466,2554,3,1,1,76,0,2782,103,4301,2272,81,189,1751,0,0,5029,93,45,11,345,75,152,578
63,0,598,64,9,71,3,14,0,0,11,12,0,0,1,7,12,0,40,10,31,0,10,2,1,835,38,1,24,64,9,22,4,0,196,47,0,22,7,0,0,51,1,0,87,14,112,31,74,0,33,187,0,5,50,0,11,24,7,72,2,41,0,0,41,0,3,5,1,1,0,29,54,13,0,0,176,0,13,0,16,152,0,1,18,1,2,0,96,0,2,34,3,12,9,7,17,49,0,7,41,0,0,321,0,1,12,0,50,31,0,0,1,0,0,30,232,0,0,0,13,0,0,1,0,0,9,2,8,3,0,0,15,124,10,59,0,283,11,17,0,0,1,79,1,524,0,8,2,33,0,22,49,14,187,31,20,1,80,12,1,6,0,1,29,162,0,0,0,1,0,138,31,269,54,59,5,37,0,0,119,3,8,0,140,25,175,23
568,0,568,1186,103,54,0,13,0,2,17,254,0,0,1,156,370,21,323,18,425,14,187,25,24,644,308,43,373,1675,20,1078,75,0,3439,554,22,0,33,1,22,382,15,5,86,20,2521,296,635,0,877,2588,59,262,92,0,12,11,3,19,5,26,1,0,478,3,41,53,55,3,0,86,2344,78,0,0,1127,0,51,8,11,662,7,5,161,1,2,0,1523,8,33,148,20,129,291,18,87,814,9,29,1409,2,4,338,3,40,704,0,430,104,1,3,2,0,0,18,2974,0,1,0,23,2,0,17,13,0,108,16,926,119,1,3,1230,872,413,369,5,77,75,24,1,0,33,72,12,477,10,1563,123,518,3,261,1663,8,2524,509,1342,42,561,161,2,9,1,32,480,1630,0,0,0,13,0,1135,60,1910,668,37,77,328,1,0,2405,19,32,7,136,29,61,112
39,0,53,110,9,8,1,0,0,1,8,7,0,0,0,17,17,11,22,3,31,2,10,5,3,69,21,3,33,117,2,17,9,0,293,64,7,33,0,1,0,21,6,14,30,0,165,26,67,0,76,158,1,14,16,0,0,2,1,3,0,1,1,0,39,2,2,2,2,0,0,11,89,8,0,0,126,0,23,0,3,53,1,0,20,0,0,0,146,0,8,23,1,23,33,2,8,53,0,7,39,0,0,43,1,2,20,0,40,8,0,0,0,0,0,1,166,0,0,0,4,1,0,2,0,3,12,3,11,32,0,0,41,90,44,29,0,7,5,7,0,0,39,6,0,50,0,25,37,53,1,24,67,2,179,30,45,59,65,16,1,0,1,22,56,102,0,0,0,1,0,67,8,172,88,4,9,51,0,0,161,2,2,0,16,4,14,13
3,0,4,5,0,1,0,0,0,0,1,0,0,0,0,0,0,0,2,0,2,0,1,0,0,3,2,1,0,6,2,1,1,0,8,0,0,1,1,0,1,2,0,0,2,0,5,0,2,0,3,7,0,1,1,0,0,0,0,0,0,0,0,0,0,0,1,0,1,1,0,3,5,1,0,0,1,0,3,0,1,3,0,0,0,0,0,0,3,0,1,0,0,1,0,1,2,1,0,0,1,0,0,2,0,0,2,0,5,0,0,0,0,0,0,0,7,0,0,3,0,0,0,0,1,1,3,0,1,0,1,0,1,3,5,3,0,0,1,0,0,0,0,0,0,4,0,1,0,1,0,2,1,0,6,1,2,0,5,1,0,0,0,0,3,1,0,0,0,1,0,5,1,8,1,0,1,2,0,0,7,0,1,0,1,0,0,0
43,0,30,28,0,7,0,0,0,0,8,193,0,0,0,21,28,0,145,10,24,2,8,0,2,46,24,10,3,31,5,33,5,0,131,81,0,22,0,1,0,179,0,0,0,2,98,63,65,0,46,176,3,1,12,0,0,1,0,5,0,0,1,0,43,0,4,1,0,0,0,10,62,0,0,0,29,0,5,2,3,179,0,0,17,0,0,0,57,4,0,25,0,2,2,21,16,64,3,0,18,12,0,13,0,7,19,0,44,0,0,0,3,0,0,3,78,0,0,0,6,0,0,1,5,0,4,0,11,1,0,0,22,55,35,98,0,6,5,0,1,0,0,9,0,22,0,9,0,39,0,27,36,0,112,24,19,0,73,6,0,0,0,4,69,19,0,0,0,2,0,42,0,127,69,8,8,23,0,0,91,0,3,0,9,0,3,25
1324,0,988,846,101,126,0,13,0,14,41,1509,0,0,14,315,238,14,3211,44,512,51,236,43,21,1323,3455,20,231,961,39,643,79,0,3382,1606,51,382,21,2,179,0,14,22,110,21,2438,873,968,0,946,4474,18,44,170,0,21,23,5,40,6,63,1,0,521,1,41,74,12,0,4,129,1618,194,0,0,1380,0,95,4,31,5782,12,5,220,0,6,0,1708,15,27,333,31,220,143,185,313,1015,5,35,551,10,4,586,85,23,456,0,1162,220,0,3,6,0,0,33,3297,0,4,0,225,0,0,19,9,0,114,33,129,43,0,12,253,1213,693,3240,2,138,110,154,2,2,41,128,21,920,2,207,56,606,0,354,709,8,3003,580,384,59,1737,155,2,14,4,99,1132,1390,1,0,0,161,0,1374,70,2505,969,62,104,498,0,0,2737,49,40,5,243,46,109,301
9,0,25,19,0,4,0,1,0,0,1,14,0,1,0,12,8,1,5,1,5,2,10,8,1,51,16,0,7,19,4,30,3,0,103,37,1,15,6,0,0,14,0,40,26,2,69,17,35,0,38,62,2,1,14,0,1,3,2,1,0,1,1,0,18,1,1,1,0,1,0,3,35,1,0,0,34,0,4,0,0,23,1,0,8,0,0,0,40,1,3,21,1,18,4,0,3,15,0,1,4,0,1,7,1,7,15,0,28,1,0,0,0,0,0,0,37,0,1,0,0,0,0,1,0,0,4,2,8,2,0,0,6,39,19,21,0,6,2,5,0,0,10,6,1,25,0,4,10,25,0,7,28,0,85,14,15,7,23,9,0,3,0,13,36,19,0,0,0,2,0,43,0,96,65,1,9,22,0,0,46,0,0,1,13,0,5,16
9,0,74,11,0,18,0,0,0,0,6,17,0,2,0,62,13,7,7,9,12,18,25,19,0,126,22,3,3,18,8,24,3,0,200,132,0,5,14,0,0,22,40,0,9,1,103,76,149,0,29,162,2,0,29,0,0,4,0,0,0,8,1,0,62,1,7,9,2,0,0,14,50,0,0,0,178,0,2,0,0,42,1,0,107,0,0,0,84,6,2,76,6,74,1,0,7,23,0,0,7,0,0,19,3,3,11,0,90,0,0,0,1,0,0,0,49,0,1,0,0,0,0,2,2,0,2,18,2,0,0,0,9,157,23,55,0,21,5,10,0,0,16,12,3,87,0,0,10,129,0,15,14,0,308,37,27,11,54,7,0,1,1,149,98,16,0,0,0,4,0,152,0,273,350,2,13,52,0,0,114,1,2,1,19,3,10,26
160,0,459,235,34,43,0,18,0,1,31,43,0,2,1,37,28,5,107,17,81,5,58,10,10,612,127,1,52,211,22,84,16,0,732,225,87,86,30,2,0,110,26,9,0,11,452,122,191,0,165,574,2,18,76,0,11,13,3,33,2,30,1,0,124,1,9,16,7,1,0,71,221,20,0,0,386,0,49,0,27,260,1,3,54,0,2,0,360,0,7,130,8,125,42,19,49,162,0,22,113,0,0,322,2,7,57,0,169,49,0,3,5,0,0,8,674,0,0,0,26,0,0,9,0,2,29,10,21,20,0,3,60,581,86,138,0,95,20,59,1,0,6,85,2,444,0,32,24,183,0,94,152,4,594,99,207,16,238,53,0,9,0,17,181,436,0,0,0,3,0,428,126,557,183,65,43,241,0,0,435,4,20,1,114,12,136,214
25,0,51,36,0,55,0,7,0,3,3,15,0,1,0,9,12,1,20,12,31,2,21,3,0,68,20,2,9,65,5,30,13,0,150,39,14,20,0,0,2,21,2,1,11,0,80,19,64,0,31,142,2,3,40,0,2,5,2,9,3,13,1,0,41,0,8,14,2,0,0,17,62,4,0,0,110,0,2,0,3,58,1,0,12,0,0,0,78,0,15,17,0,17,17,1,4,33,1,2,19,0,0,103,1,4,15,0,30,7,0,0,2,0,0,7,189,0,0,0,2,0,0,1,0,1,17,2,13,6,0,8,15,120,41,40,0,92,8,4,0,1,2,27,1,92,0,11,2,38,1,25,62,1,187,28,30,2,37,68,3,0,0,3,40,100,0,0,0,3,0,88,11,162,74,8,5,13,0,0,118,0,4,1,85,20,24,16
4975,0,4741,7160,230,401,6,44,0,15,126,1346,0,6,4,1208,795,58,1990,123,2447,41,1438,120,172,4589,2097,79,1748,6336,108,4869,355,0,51495,4136,112,2521,165,5,98,2438,69,103,452,80,0,1559,5348,0,12796,34211,72,305,634,0,49,56,10,109,23,161,6,0,4080,6,232,346,128,7,4,476,19400,486,0,4,11021,0,315,16,87,4587,48,18,998,1,21,0,12711,21,114,1074,86,872,921,103,581,4653,28,244,5882,20,7,2803,22,130,3008,0,3400,810,1,10,15,0,3,118,33135,0,19,0,118,2,0,128,41,7,506,216,882,243,6,17,1451,5993,3596,2902,19,522,544,208,2,1,132,427,90,3496,6,1323,292,4720,7,2243,8004,25,30297,5060,2500,232,4603,701,10,45,12,330,4212,17670,1,0,0,52,0,13287,586,19416,5519,251,600,1816,0,0,45078,97,252,42,1144,190,286,510
1549,0,1114,1188,113,151,4,2,0,7,87,526,0,1,4,529,136,12,860,51,629,65,290,51,35,1101,750,19,250,924,63,392,72,0,4519,2512,31,296,26,0,63,873,17,76,122,19,1559,0,1024,0,510,7586,11,31,168,0,19,23,6,53,6,64,3,0,674,0,41,70,9,3,0,239,1243,201,0,1,1906,0,58,3,41,1510,4,2,335,0,4,0,2142,32,27,567,45,317,97,66,402,999,5,83,541,15,1,733,32,30,272,0,2142,163,0,3,2,0,0,35,3974,0,1,0,79,2,0,47,7,0,100,34,89,46,0,12,265,1808,282,1753,3,164,94,178,0,2,54,234,25,812,1,150,62,901,2,541,676,4,4054,893,438,57,2830,150,4,25,5,170,1608,1654,0,0,1,50,0,1803,115,3456,1259,153,108,798,0,0,3577,83,54,12,279,60,147,461
1353,0,3016,1528,62,350,8,34,0,9,98,616,0,10,3,585,426,50,634,111,953,59,1145,124,134,3486,755,67,403,1604,89,856,195,0,7708,1650,74,635,67,2,65,968,35,149,191,64,5348,1024,0,0,1660,7773,30,86,493,0,29,57,12,146,13,119,5,0,3000,6,159,292,26,8,7,276,2927,141,0,0,2132,0,74,11,54,2168,29,14,1385,1,14,0,4096,34,55,1140,91,678,226,36,241,1208,11,160,1143,24,4,2026,18,64,611,0,1268,426,3,5,12,0,2,57,12403,0,5,1,46,6,0,159,27,1,247,85,222,75,0,10,497,3708,874,1219,17,462,423,162,3,5,109,269,77,2292,3,294,89,2987,6,1306,1775,28,8801,2046,752,134,1901,352,12,49,5,463,1686,4378,0,0,1,35,0,4272,292,10618,4968,161,402,815,0,0,6130,38,137,42,710,153,198,432
0,0,0,0,0,0,0,0,0,0,0,0,0,0,0,0,0,0,0,0,0,0,0,0,0,0,0,0,0,0,0,0,0,0,0,0,0,0,0,0,0,0,0,0,0,0,0,0,0,0,0,0,0,0,0,0,0,0,0,0,0,0,0,0,0,0,0,1,0,0,0,0,0,0,0,0,0,0,0,0,0,0,0,0,0,0,0,0,1,0,0,0,0,0,0,0,0,0,0,0,0,0,0,0,0,0,0,0,0,0,0,0,0,0,0,0,0,0,0,0,0,0,0,0,0,0,0,0,0,0,0,0,0,0,0,0,0,0,0,0,0,0,0,0,0,0,0,0,0,0,0,0,0,0,0,0,0,0,0,0,0,0,0,0,0,0,0,0,0,0,0,0,0,0,0,0,0,0,0,0,0,0,0,0,0,0,0,0
1131,0,1056,1904,73,90,1,15,0,8,64,788,0,3,1,436,397,17,636,39,1021,20,413,52,39,1424,849,38,430,2329,46,2057,134,0,11381,1757,33,877,76,3,46,946,38,29,165,31,12796,510,1660,0,0,8675,47,119,251,0,15,16,2,36,7,87,3,0,1175,5,82,166,79,2,0,140,5772,165,0,3,2108,0,207,5,25,1498,23,4,273,0,12,0,2940,7,45,351,31,365,406,42,345,1403,12,48,1699,8,6,648,12,49,1129,0,963,213,0,2,5,0,1,22,8837,0,8,1,52,0,0,42,17,3,175,70,331,95,2,9,534,1663,2524,846,10,163,150,153,7,0,50,122,39,989,4,470,111,1409,1,650,2455,7,7097,1356,758,94,1113,266,5,17,3,97,1435,3517,1,0,3,27,0,3254,124,4440,2001,62,238,506,0,0,10351,22,54,26,303,34,106,232
10887,0,8046,7652,395,742,9,39,0,17,299,2140,0,10,8,3428,867,95,3717,246,3877,149,2000,245,237,7605,3896,74,1952,7446,248,4379,464,0,42573,7744,187,2588,158,7,176,4474,62,162,574,142,34211,7586,7773,0,8675,0,56,293,1089,0,79,94,26,239,25,304,9,0,5714,4,290,517,116,12,21,1012,15707,833,0,2,15529,0,342,17,193,8437,58,28,1985,0,43,0,18057,60,146,2309,191,1605,1070,214,1321,6341,28,398,6109,43,10,4937,73,141,3054,0,8360,1467,0,7,30,0,1,227,43766,0,17,1,263,14,0,229,35,3,699,252,869,275,2,31,1636,11569,3400,7973,34,954,824,477,4,7,245,887,129,6121,12,1307,348,6642,5,3766,8618,31,38525,7071,2933,310,10825,971,20,111,19,713,10319,21828,2,0,9,119,0,17416,797,28598,8347,529,878,3367,0,0,39995,210,370,73,1962,394,630,1351
11,0,11,18,0,3,0,1,0,0,0,25,0,0,0,13,46,4,6,2,13,2,6,3,0,22,10,4,7,46,1,73,5,0,81,31,0,59,1,0,3,18,2,2,2,2,72,11,30,0,47,56,0,8,7,0,0,0,0,2,0,1,0,0,16,2,3,4,6,1,0,3,81,0,0,0,10,0,0,1,0,17,2,0,6,0,0,0,39,1,1,4,1,6,12,0,2,25,4,0,49,0,0,1,1,9,39,0,7,1,0,0,0,0,0,0,66,0,0,0,0,1,0,0,8,0,3,3,43,4,0,0,30,29,28,10,0,5,0,1,0,0,4,2,0,9,0,31,14,15,0,2,76,0,56,17,33,6,9,6,1,1,0,0,17,9,1,0,0,1,0,19,0,47,53,1,2,12,0,0,66,0,0,0,1,0,2,8
66,0,61,106,9,17,0,4,0,0,5,15,0,0,0,20,59,2,29,2,43,0,31,3,9,70,26,5,69,198,4,125,11,0,412,66,5,262,14,1,1,44,1,0,18,3,305,31,86,0,119,293,8,0,13,0,2,0,0,0,0,6,0,0,55,3,4,10,16,0,0,12,331,15,0,0,123,0,10,4,2,92,1,0,25,0,2,0,231,0,3,28,0,15,55,1,10,85,3,8,285,0,1,47,1,8,131,0,50,13,0,1,0,0,0,1,362,0,0,0,2,0,0,1,4,0,17,0,146,19,0,0,126,93,42,38,0,12,19,3,1,0,3,9,5,52,0,139,21,52,1,49,274,1,276,82,96,6,74,32,3,2,0,7,53,136,0,0,0,0,0,109,8,251,42,6,10,31,0,0,311,0,3,2,20,3,14,16
195,0,2784,186,6,881,17,28,0,1,109,99,0,11,0,96,48,11,100,209,171,17,93,27,12,2454,141,8,45,266,105,174,28,0,970,298,50,92,16,1,12,170,14,29,76,40,634,168,493,0,251,1089,7,13,0,0,24,102,26,45,30,207,13,0,270,0,17,46,8,7,3,338,387,17,0,0,613,0,27,4,24,345,1,12,156,2,8,0,458,4,6,288,32,231,57,2,59,175,1,20,159,6,0,680,4,9,109,0,308,88,1,1,17,0,0,82,1739,0,0,0,11,8,0,8,6,0,40,24,35,38,0,1,64,1088,116,207,3,588,35,58,1,6,19,511,4,2548,1,34,24,382,0,126,298,9,1293,248,106,20,359,73,0,62,18,67,276,645,0,0,0,7,0,766,19,1098,670,282,57,232,0,0,853,14,22,4,1031,175,292,184
0,0,0,0,0,0,0,0,0,0,0,0,0,0,0,0,0,0,0,0,0,0,0,0,0,0,0,0,0,0,0,0,0,0,0,0,0,0,0,0,0,0,0,0,0,0,0,0,0,0,0,0,0,0,0,0,0,0,0,0,0,0,0,0,0,0,0,0,0,0,0,0,0,0,0,0,0,0,0,0,0,0,0,0,0,0,0,0,0,0,0,0,0,0,0,0,0,0,0,0,0,0,0,0,0,0,0,0,0,0,0,0,0,0,0,0,0,0,0,0,0,0,0,0,0,0,0,0,0,0,0,0,0,0,0,0,0,0,0,0,0,0,0,0,0,0,0,0,0,0,0,0,0,0,0,0,0,0,0,0,0,0,0,0,0,0,0,0,0,0,0,0,0,0,0,0,0,0,0,0,0,0,0,0,0,0,0,0
25,0,178,32,23,60,1,14,0,0,7,2,0,3,0,2,1,0,22,14,11,0,8,0,3,160,8,0,15,24,8,7,1,0,88,16,11,12,0,0,0,21,1,0,11,2,49,19,29,0,15,79,0,2,24,0,0,34,13,2,4,6,2,0,17,0,1,6,2,1,2,35,33,8,0,0,58,0,8,0,6,42,0,2,6,0,0,0,41,0,0,21,2,14,7,1,18,24,0,4,11,0,0,95,0,0,8,0,35,14,0,0,3,0,0,14,153,0,0,0,7,0,0,0,0,0,5,2,2,4,0,0,9,55,5,18,0,57,5,1,0,0,0,41,2,130,0,0,0,20,0,13,20,1,65,23,5,0,52,7,0,4,0,4,20,59,0,0,0,0,0,39,6,77,14,35,4,16,0,0,64,0,3,1,98,11,31,11
37,0,511,23,1,453,10,24,0,1,18,6,0,7,0,9,7,2,16,113,26,0,18,1,1,556,22,2,6,25,21,11,5,0,104,42,24,11,2,0,1,23,3,4,13,5,56,23,57,0,16,94,0,0,102,0,34,0,21,20,29,82,14,0,25,1,7,12,1,4,3,75,26,4,0,0,61,0,6,0,8,79,0,6,17,0,1,0,58,2,2,19,2,23,7,0,7,28,0,0,11,0,0,191,0,1,9,0,44,11,0,1,4,0,0,38,118,0,0,0,4,3,0,0,1,0,4,1,3,3,0,0,6,126,11,33,1,305,6,6,0,9,1,119,4,432,0,6,3,37,0,14,31,4,109,25,13,3,47,11,0,14,3,4,26,45,0,0,0,0,0,47,2,128,48,64,7,16,0,0,67,1,1,1,337,74,64,35
7,0,82,5,1,47,7,11,0,2,4,1,0,5,0,0,0,0,8,23,8,1,5,0,1,84,4,0,0,2,16,2,0,0,20,11,7,3,1,0,0,5,2,0,3,2,10,6,12,0,2,26,0,0,26,0,13,21,0,0,139,13,9,0,5,0,1,6,0,2,2,24,7,1,0,0,11,0,1,0,0,12,3,1,2,0,0,0,11,0,1,2,0,5,1,0,1,4,0,1,0,0,0,24,1,0,2,0,7,2,0,0,4,0,0,3,25,0,0,0,0,3,0,2,0,0,4,1,1,0,0,1,1,23,3,9,1,61,1,1,0,4,3,48,0,61,0,2,0,11,0,5,4,0,20,15,6,1,13,2,0,12,2,0,4,11,0,0,0,1,0,19,2,26,9,15,5,3,0,0,14,1,1,0,59,9,18,1
46,0,416,36,2,47,0,9,0,0,10,20,0,1,3,29,23,0,44,15,20,3,27,0,3,483,28,1,8,35,3,35,4,0,173,58,72,19,3,0,5,40,1,0,33,9,109,53,146,0,36,239,2,0,45,0,2,20,0,0,1,14,1,0,74,0,1,2,0,0,0,19,59,11,0,1,180,0,13,4,21,114,0,0,47,1,0,0,85,4,1,91,5,15,12,6,11,42,0,11,26,6,0,225,0,4,19,0,43,37,0,0,1,0,0,10,212,0,0,0,6,0,0,6,13,1,6,1,12,2,0,0,18,332,16,39,1,85,6,10,0,0,0,34,1,381,0,7,0,70,0,46,53,5,256,53,27,0,107,8,0,4,1,9,70,132,0,0,0,1,0,164,26,369,120,25,16,44,0,0,126,4,10,0,91,20,44,70
9,0,95,4,1,45,11,12,0,1,7,0,0,2,0,1,0,0,7,29,2,0,4,0,0,89,3,0,3,12,19,4,1,0,26,8,2,5,0,0,0,6,0,0,2,3,23,6,13,0,7,25,0,0,30,0,4,29,139,1,0,12,29,0,8,0,1,9,0,2,3,35,12,0,0,0,21,0,3,0,0,19,1,0,5,0,0,0,15,0,1,5,0,8,2,0,2,5,0,2,7,0,1,30,1,0,6,0,4,1,1,0,6,0,0,5,25,0,0,0,1,1,0,2,0,0,5,0,3,0,0,0,4,23,4,6,0,56,6,0,0,11,2,70,0,82,0,2,1,10,0,9,9,0,24,12,5,0,11,11,1,15,0,1,8,12,0,0,0,1,0,15,1,29,7,42,5,4,0,0,21,1,1,1,68,7,29,11
75,0,912,50,4,346,13,10,0,0,33,34,0,8,0,27,16,3,28,90,65,11,22,15,1,954,58,0,9,67,27,56,7,0,246,111,41,26,1,0,0,63,1,8,30,13,161,64,119,0,87,304,1,6,207,0,6,82,13,14,12,0,5,0,65,0,9,13,1,4,1,115,96,11,0,1,165,0,9,0,3,130,0,2,55,0,0,0,120,3,4,82,19,65,12,2,15,58,0,7,45,0,0,247,4,2,37,0,96,28,0,0,9,0,0,24,449,0,0,0,5,0,0,1,0,0,11,10,9,4,0,1,18,277,33,59,0,280,14,49,0,5,11,171,2,908,0,12,7,77,0,32,79,3,327,63,27,5,123,20,1,22,6,15,83,144,0,0,0,3,0,211,8,299,140,71,21,42,0,0,231,7,1,0,289,78,101,61
3,0,42,6,1,27,8,3,0,1,2,0,0,1,0,0,1,0,1,9,3,1,2,1,0,24,0,2,2,3,4,0,1,0,11,1,0,1,1,0,1,1,1,1,1,1,6,3,5,0,3,9,0,0,13,0,2,14,9,1,29,5,0,0,1,0,0,4,0,1,0,5,6,0,0,0,6,0,4,1,0,6,0,0,3,0,0,0,7,0,1,2,0,3,0,0,0,0,0,1,1,0,0,15,0,0,1,0,0,1,0,0,0,0,0,4,6,0,0,0,0,1,0,1,0,0,0,0,0,0,0,0,1,12,3,3,0,16,1,1,0,2,2,8,0,19,0,0,2,5,0,4,3,1,9,2,1,2,8,3,0,2,1,0,3,3,0,0,0,0,0,7,0,9,9,6,1,6,0,0,15,0,0,0,16,3,3,1
0,0,0,0,0,0,0,0,0,0,0,0,0,0,0,0,0,0,0,0,0,0,0,0,0,0,0,0,0,0,0,0,0,0,0,0,0,0,0,0,0,0,0,0,0,0,0,0,0,0,0,0,0,0,0,0,0,0,0,0,0,0,0,0,0,0,0,0,0,0,0,0,0,0,0,0,0,0,0,0,0,0,0,0,0,0,0,0,0,0,0,0,0,0,0,0,0,0,0,0,0,0,0,0,0,0,0,0,0,0,0,0,0,0,0,0,0,0,0,0,0,0,0,0,0,0,0,0,0,0,0,0,0,0,0,0,0,0,0,0,0,0,0,0,0,0,0,0,0,0,0,0,0,0,0,0,0,0,0,0,0,0,0,0,0,0,0,0,0,0,0,0,0,0,0,0,0,0,0,0,0,0,0,0,0,0,0,0
1018,0,1810,1134,64,180,7,12,0,9,61,329,0,5,0,352,203,16,498,51,637,16,362,83,54,1789,496,27,374,1251,52,719,121,0,6308,970,41,478,39,0,43,521,18,62,124,41,4080,674,3000,0,1175,5714,16,55,270,0,17,25,5,74,8,65,1,0,0,1,118,248,27,3,4,186,2120,105,0,0,4612,0,53,8,30,1213,11,9,495,1,15,0,2508,11,40,506,52,346,196,16,176,786,13,76,910,17,5,1071,14,48,535,0,818,249,2,0,8,0,0,29,12655,0,0,0,30,1,0,72,18,2,146,71,154,62,4,4,344,2436,471,798,6,223,214,62,1,0,39,142,53,1241,1,230,64,1246,3,820,1382,6,7208,2098,576,61,1193,264,2,13,3,226,1056,1401,1,0,5,12,0,3825,184,8347,1095,59,319,610,0,0,4776,23,94,32,456,87,115,225
1,0,1,0,0,0,0,0,0,0,0,3,0,0,0,3,4,2,1,0,2,0,0,0,0,2,1,2,0,1,1,12,0,0,12,6,0,3,2,0,0,1,1,1,1,0,6,0,6,0,5,4,2,3,0,0,0,1,0,0,0,0,0,0,1,0,1,0,2,0,0,1,8,0,0,0,0,0,1,0,0,3,0,0,0,0,0,0,4,0,0,1,0,1,0,0,0,1,6,0,3,0,0,1,0,0,4,0,0,0,0,0,0,0,0,0,2,0,7,0,0,0,0,0,0,0,1,0,2,1,0,0,2,2,3,1,0,2,0,0,0,0,1,0,0,1,0,0,2,1,0,0,3,0,9,1,2,2,0,0,0,0,0,1,3,0,0,0,0,0,0,5,0,4,6,0,1,0,0,0,6,0,0,0,0,0,0,1
67,0,107,92,4,18,0,0,0,5,8,23,0,0,1,22,10,0,30,8,48,2,45,3,6,88,26,3,21,87,13,45,31,0,317,54,3,41,2,1,4,41,1,7,9,8,232,41,159,0,82,290,3,4,17,0,1,7,1,1,1,9,0,0,118,1,0,50,2,3,0,24,111,7,0,0,207,0,8,0,0,103,7,4,32,0,0,0,138,2,7,21,4,28,20,1,12,56,0,11,58,0,1,75,0,2,23,0,46,6,0,0,0,0,0,4,525,0,0,0,2,1,0,14,0,0,36,1,14,2,0,6,24,112,61,40,3,21,36,4,0,0,1,18,9,48,0,22,0,75,0,74,95,1,258,100,45,2,95,64,3,9,0,20,60,99,0,0,0,3,0,111,7,311,90,14,27,37,0,0,234,0,1,2,49,9,12,38
94,0,281,101,8,46,1,5,0,25,19,45,0,2,0,31,17,4,59,17,97,7,80,16,16,227,54,1,29,146,33,79,123,0,525,113,5,53,2,0,1,74,1,9,16,14,346,70,292,1,166,517,4,10,46,0,6,12,6,2,9,13,4,0,248,0,50,0,1,0,2,60,181,6,0,0,286,0,17,0,6,161,9,1,58,0,4,0,221,1,31,48,4,62,29,6,38,108,2,17,89,2,2,153,0,9,44,0,94,16,0,0,3,0,0,5,944,0,0,0,6,1,0,33,3,0,108,1,23,6,3,41,57,265,152,85,8,52,85,14,1,2,6,84,19,154,0,35,12,171,0,117,131,1,511,142,76,6,145,170,15,23,1,46,120,215,0,0,0,4,0,214,14,509,236,52,46,60,0,0,439,1,4,0,124,21,23,159
18,0,35,33,1,5,0,2,0,0,1,11,0,0,0,9,19,0,12,1,14,1,8,1,0,44,24,2,21,66,1,166,3,0,195,32,1,55,2,1,0,12,0,2,7,2,128,9,26,0,79,116,6,16,8,0,2,1,0,0,0,1,0,0,27,2,2,1,0,0,0,9,130,7,0,0,48,0,15,0,4,37,0,1,8,0,0,0,62,0,1,6,2,7,39,1,7,25,8,0,69,3,0,14,0,5,152,0,21,4,0,0,0,0,0,2,278,0,2,0,2,0,0,0,3,0,4,4,29,5,0,1,35,42,26,17,0,10,6,2,0,0,0,5,1,42,0,25,42,34,0,10,105,0,165,21,44,0,19,10,1,1,0,2,34,105,0,0,0,0,0,72,0,92,19,4,6,12,0,0,147,2,1,0,13,3,8,8
2,0,25,4,1,7,1,3,0,0,0,1,0,1,0,2,1,0,3,5,3,0,1,0,0,61,1,0,3,7,0,4,0,0,16,5,1,3,0,1,0,0,1,0,1,0,7,3,8,0,2,12,1,0,7,0,1,4,2,0,2,4,1,0,3,0,3,0,0,0,97,1,6,0,0,0,10,0,0,0,0,10,0,3,0,0,0,0,6,0,0,2,1,3,0,0,0,2,0,1,2,0,0,12,0,0,2,0,1,3,0,0,0,0,0,1,15,0,0,0,0,1,0,0,0,0,0,0,2,0,0,0,0,13,0,0,0,76,5,0,0,1,0,4,0,34,0,2,1,1,0,3,2,0,22,3,1,3,5,0,0,1,0,1,2,11,0,0,0,0,0,7,0,11,9,2,3,0,0,0,12,0,1,0,22,6,2,1
5,0,48,2,1,11,1,5,0,0,0,1,0,1,0,2,2,0,2,5,5,0,1,0,1,52,3,0,1,10,1,4,0,0,9,1,0,0,0,0,0,4,0,0,0,0,4,0,7,0,0,21,0,0,3,0,2,3,2,0,3,1,0,0,4,0,0,2,0,97,0,1,3,0,0,0,7,0,0,0,0,11,0,4,0,1,0,0,6,0,0,5,0,1,2,0,0,3,0,1,1,0,0,8,0,1,0,0,4,2,0,0,1,0,0,2,23,0,0,0,0,4,0,0,0,0,0,0,0,0,0,0,2,11,1,1,0,106,1,1,0,1,0,4,0,43,0,2,0,6,0,4,4,0,19,7,3,0,7,1,0,1,1,0,3,8,0,0,0,0,0,9,0,19,7,3,3,0,0,0,14,0,0,0,31,1,2,1
416,0,1209,168,19,288,2,15,0,1,383,64,0,2,1,81,32,4,112,145,151,85,58,20,9,844,199,1,51,211,635,98,23,0,746,196,29,86,11,3,10,129,3,14,71,17,476,239,276,0,140,1012,3,12,338,0,35,75,24,19,35,115,5,0,186,1,24,60,9,1,1,0,266,14,0,0,416,0,35,0,51,332,5,2,110,0,1,0,378,2,13,162,18,156,31,3,138,186,1,9,114,8,1,581,2,10,81,0,638,72,0,0,8,0,1,28,1055,0,0,0,10,0,0,8,5,0,56,12,28,20,0,5,71,735,86,171,0,217,50,48,1,2,7,2634,9,754,0,39,20,245,0,138,216,4,855,208,101,8,648,69,2,238,15,37,311,462,0,0,0,5,0,495,18,683,270,1862,56,129,0,0,605,8,15,2,641,104,1277,789
2731,0,2590,4322,144,248,1,32,0,15,65,1071,0,2,2,615,845,60,1290,80,1483,39,764,71,93,2644,1407,72,1566,5388,71,4567,212,0,22376,2432,54,2344,89,5,62,1618,35,50,221,62,19400,1243,2927,0,5772,15707,81,331,387,0,33,26,7,59,12,96,6,0,2120,8,111,181,130,6,3,266,0,335,0,2,5609,0,183,16,52,2848,20,11,520,0,8,0,6939,15,90,615,47,460,757,56,328,3085,24,98,4992,13,5,1481,16,127,3005,0,1829,436,1,9,9,0,2,69,16896,0,16,0,70,1,0,83,40,3,334,113,977,205,0,18,1348,3366,2347,1739,10,279,278,120,1,1,97,238,57,1993,9,1147,269,2301,3,1136,6112,11,15064,2471,1931,176,2387,441,13,25,5,186,2210,8863,1,0,4,52,0,6513,237,9606,3034,136,350,940,0,0,18068,61,131,37,625,108,203,277
196,0,156,192,33,20,0,4,0,0,2,49,0,0,0,26,56,0,203,1,64,0,39,1,2,198,137,0,62,194,3,184,12,0,742,330,13,78,8,1,0,194,1,0,20,4,486,201,141,0,165,833,0,15,17,0,8,4,1,11,0,11,0,0,105,0,7,6,7,0,0,14,335,0,0,0,274,0,11,0,12,327,4,1,22,0,0,0,313,0,4,46,6,29,35,14,40,183,0,11,145,0,0,107,0,1,171,0,146,30,0,0,0,0,0,8,766,0,0,0,23,0,0,7,0,0,24,0,27,5,0,1,42,176,93,235,2,24,20,5,0,0,0,10,4,115,0,52,5,99,0,74,203,2,584,117,69,0,199,26,0,0,0,10,149,384,0,0,0,0,0,243,17,461,86,6,19,76,0,0,545,9,4,3,49,9,13,28
