Agar Agar Powder,Bagel,Bakery Cookies,Baking Powder,Baking Soda,Banana Bread,Biscuit,Biscuits Gift Pack,Bourbon Biscuits,Bread Crumbs,Brownie,Butter Cookies,Cake,Cake Decoration,Cake Mix,Candy,Center Filled Biscuits,Choco Pie,Chocolate Cake,Chocolate Cookies,Cocoa Powder,Coconut Milk Powder,Color,Combo,Cookie Mix,Cookies,Cookies Gift Pack,Corn Flour,Cracker,Crackers,Cream Biscuits,Cream Roll,Crisps,Croissant,Cupcake,Custard Mix,Custard Powder,Drip,Dust,Essence,Food Colour,Fresh Bakery Cake,Fresh Bakery Cookies,Frosting,Fruit Cake,Gelatin,Gift Box,Glucose & Milk Biscuits,Gluten,Gum Powder,Healthy & Digestive,Jelly,Lavash,Loaf,Marie Biscuits,Milk,Mix,Multigrain Bread,Pancake Mix,Paste,Pastry,Pie,Pizza Base,Potato Biscuits,Powder,Puff Roll,Rusk,Sandwich Cream Biscuits,Sheets,Shortening,Sourdough,Sprinkles,Sweet & Salty Biscuits,Sweets,Swiss Roll,Toast,Topping,Wafer Bar,Wafer Roll,Wafers,Waffle,Wheat Bread,Yeast,Yeast Extract,Yeast Flakes
0,0,0,0,0,0,0,0,0,0,0,0,0,0,0,0,0,0,0,0,0,0,0,0,0,0,0,0,0,0,0,0,0,0,0,0,0,0,0,0,0,0,0,0,0,0,0,0,0,0,0,0,0,0,0,0,0,0,0,0,0,0,0,0,0,0,0,0,0,0,0,0,0,0,0,0,0,0,0,0,0,0,0,0,0
0,0,0,0,0,0,1,0,0,0,0,0,0,0,0,0,0,0,0,0,0,0,0,0,0,0,0,0,0,0,0,0,0,0,0,0,0,0,0,0,0,0,0,0,0,0,0,0,0,0,0,0,0,0,0,0,0,0,0,0,0,0,0,0,0,0,0,0,0,0,0,0,0,0,0,0,0,0,0,0,0,0,0,0,0
0,0,0,19,36,2,3847,31,77,0,18,51,362,1,21,45,171,394,169,48,5,0,1,78,3,3121,0,0,24,11,266,5,2,157,58,0,55,0,0,20,6,7,78,0,689,0,13,103,0,0,23,2,15,4,511,0,3,1,32,1,1,28,2,86,2,687,822,1112,0,0,0,15,577,10,92,11,1,1,100,299,2,3,3,0,0
0,0,19,0,2916,0,855,2,20,0,1,1,44,2,66,9,21,54,41,5,666,0,2,11,0,346,0,0,2,0,74,0,0,37,4,0,433,2,0,1265,60,0,0,0,111,0,2,19,0,0,4,11,2,1,144,0,9,0,33,4,0,3,4,11,21,80,187,363,0,1,0,151,103,0,10,0,16,0,20,51,4,2,88,0,0
0,0,36,2916,0,0,1412,6,24,0,2,15,85,2,62,6,38,109,68,3,411,0,1,12,0,526,0,0,3,4,132,0,0,37,13,0,298,0,0,871,70,1,5,0,210,0,1,29,0,0,8,16,1,1,240,0,8,1,39,3,0,4,3,15,18,110,323,444,0,1,0,126,175,1,14,2,14,0,26,72,4,5,88,0,0
0,0,2,0,0,0,18,0,1,0,0,0,1,0,0,1,0,3,1,1,0,0,0,1,0,11,0,0,1,0,3,0,0,8,0,0,0,0,0,2,0,3,6,0,3,0,0,0,0,0,0,0,1,1,2,0,0,0,2,0,0,1,2,1,0,4,6,3,0,0,0,0,2,0,0,0,0,0,1,3,0,4,0,0,0
0,1,3847,855,1412,18,0,330,3048,0,315,1482,7245,9,489,828,4283,9395,7593,265,347,0,4,1107,6,70377,0,0,319,123,18368,82,100,3460,584,0,1979,2,1,775,162,40,255,0,25814,0,29,8195,0,0,563,126,96,70,33646,0,86,48,689,5,1,213,51,1551,51,11961,32032,54041,0,0,6,242,27229,45,2685,60,52,25,2051,6776,90,74,95,0,0
0,0,31,2,6,0,330,0,11,0,4,2,38,0,3,6,22,32,8,5,3,0,0,19,0,252,0,0,3,0,25,0,0,6,5,0,3,0,0,2,0,1,7,0,36,0,1,7,0,0,8,1,0,0,57,0,0,0,6,0,0,1,0,24,0,55,71,99,0,0,1,2,72,1,15,1,0,1,10,29,0,3,0,0,0
0,0,77,20,24,1,3048,11,0,0,9,34,215,0,15,42,462,451,252,10,11,0,0,38,0,1837,0,0,5,5,783,0,1,105,18,0,31,0,0,8,1,4,8,0,620,0,1,111,0,0,9,2,3,0,461,0,1,0,9,0,0,12,0,44,0,466,360,1840,0,0,0,1,422,1,126,0,1,0,69,279,0,0,0,0,0
0,0,0,0,0,0,0,0,0,0,0,0,0,0,0,0,0,0,0,0,0,0,0,0,0,0,0,0,0,0,0,0,0,0,0,0,0,0,0,0,0,0,0,0,0,0,0,0,0,0,0,0,0,0,0,0,0,0,0,0,0,0,0,0,0,0,0,0,0,0,0,0,0,0,0,0,0,0,0,0,0,0,0,0,0
0,0,18,1,2,0,315,4,9,0,0,2,330,0,15,7,38,81,111,2,0,0,0,20,3,213,0,0,2,1,30,1,1,48,38,0,7,0,0,2,1,7,4,0,187,0,1,10,0,0,3,0,1,1,38,0,6,0,9,0,0,13,1,15,0,185,35,142,0,0,0,2,41,4,124,0,1,1,8,50,1,0,0,0,0
0,0,51,1,15,0,1482,2,34,0,2,0,45,2,1,6,49,68,55,4,4,0,0,6,0,901,0,0,3,0,200,0,1,47,0,0,15,0,0,5,1,0,2,0,234,0,0,54,0,0,0,1,2,0,215,0,0,0,3,0,0,0,0,12,0,133,256,398,0,0,0,2,232,0,19,0,0,1,13,51,1,0,0,0,0
0,0,362,44,85,1,7245,38,215,0,330,45,0,0,141,529,512,2474,2643,53,27,0,0,327,1,5198,0,0,33,8,766,36,4,1239,473,0,125,0,1,48,6,28,23,0,6635,0,11,185,0,0,27,14,7,3,792,0,14,3,72,0,0,122,7,159,1,4491,1210,3328,0,0,1,31,869,9,2040,5,7,1,430,1010,16,11,3,0,0
0,0,1,2,2,0,9,0,0,0,0,2,0,0,9,0,1,0,0,0,1,0,0,0,0,1,0,0,0,0,0,0,0,0,0,0,1,0,0,0,3,0,0,0,1,0,0,0,0,0,0,0,0,0,0,0,0,0,0,0,0,0,0,0,1,1,1,9,0,0,0,2,0,0,0,0,0,0,0,0,0,0,0,0,0
0,0,21,66,62,0,489,3,15,0,15,1,141,9,0,22,25,97,83,1,38,0,2,13,10,279,0,0,4,1,48,0,0,42,22,0,65,3,2,77,18,4,2,2,183,0,3,7,0,0,2,8,1,0,78,0,37,0,85,14,0,5,5,6,66,184,87,250,0,0,0,130,64,1,52,1,21,1,27,34,12,2,9,0,0
0,0,45,9,6,1,828,6,42,0,7,6,529,0,22,0,87,471,226,7,4,0,1,55,0,713,0,0,14,1,100,1,2,105,59,0,14,1,0,12,2,3,14,0,470,0,6,22,0,0,0,2,3,0,97,0,1,0,11,0,0,17,0,11,1,614,104,449,0,0,0,3,114,2,161,1,4,0,133,204,3,2,0,0,0
0,0,171,21,38,0,4283,22,462,0,38,49,512,1,25,87,0,1162,377,23,13,0,0,66,1,3593,0,0,17,7,676,3,2,146,34,0,48,0,0,22,3,1,14,0,748,0,4,123,0,0,13,1,4,1,616,0,5,0,20,0,1,10,2,65,6,723,524,3162,0,0,0,14,645,1,227,0,3,1,166,352,5,0,2,0,0
0,0,394,54,109,3,9395,32,451,0,81,68,2474,0,97,471,1162,0,1123,28,33,0,1,280,3,7878,0,0,57,14,1154,21,13,639,282,0,151,0,0,79,15,5,36,0,2867,0,15,203,0,0,21,15,23,1,1230,0,10,4,83,1,0,167,6,161,2,2775,1397,5922,0,0,0,39,1217,4,655,6,7,6,797,1092,9,6,8,0,0
0,0,169,41,68,1,7593,8,252,0,111,55,2643,0,83,226,377,1123,0,12,22,0,0,168,0,4172,0,0,11,4,792,21,7,907,167,0,107,1,0,31,11,10,15,0,10875,0,2,208,0,0,8,18,1,3,848,0,8,0,47,2,0,11,2,78,1,2923,1007,3250,0,0,0,13,867,0,1082,0,6,0,276,821,10,3,7,0,0
0,0,48,5,3,1,265,5,10,0,2,4,53,0,1,7,23,28,12,0,1,0,0,19,3,454,0,0,11,2,21,1,1,27,13,0,7,0,0,4,1,1,19,0,54,0,6,11,0,0,1,4,2,2,30,0,1,1,10,0,0,3,1,12,0,101,34,95,0,0,0,0,36,0,10,0,0,0,12,22,2,0,2,0,0
0,0,5,666,411,0,347,3,11,0,0,4,27,1,38,4,13,33,22,1,0,0,0,3,0,159,0,0,2,0,23,2,0,22,1,0,107,1,0,665,28,0,2,0,41,0,0,13,0,0,2,3,1,1,91,0,3,1,17,4,0,0,1,3,29,34,56,192,0,0,0,84,35,0,5,0,20,0,9,25,2,1,13,0,0
0,0,0,0,0,0,0,0,0,0,0,0,0,0,0,0,0,0,0,0,0,0,0,0,0,0,0,0,0,0,0,0,0,0,0,0,0,0,0,0,0,0,0,0,0,0,0,0,0,0,0,0,0,0,0,0,0,0,0,0,0,0,0,0,0,0,0,0,0,0,0,0,0,0,0,0,0,0,0,0,0,0,0,0,0
0,0,1,2,1,0,4,0,0,0,0,0,0,0,2,1,0,1,0,0,0,0,0,0,0,1,0,0,0,0,0,0,0,0,0,0,1,0,0,10,6,0,0,0,0,0,0,0,0,0,0,0,0,0,0,0,0,0,0,2,0,0,0,0,1,1,0,3,0,0,0,1,0,0,0,0,0,0,0,1,0,0,0,0,0
0,0,78,11,12,1,1107,19,38,0,20,6,327,0,13,55,66,280,168,19,3,0,0,0,0,761,0,0,12,0,116,26,2,349,61,0,17,0,0,16,3,6,21,0,648,0,3,25,0,0,6,3,2,0,132,0,1,0,21,0,0,59,2,43,0,1023,203,438,0,0,0,6,162,4,183,0,0,6,82,205,3,2,4,0,0
0,0,3,0,0,0,6,0,0,0,3,0,1,0,10,0,1,3,0,3,0,0,0,0,0,9,0,0,0,0,0,0,0,0,0,0,0,0,0,2,0,0,2,0,2,0,0,0,0,0,0,0,0,0,1,0,1,0,1,1,0,0,0,0,0,1,1,1,0,0,0,0,1,0,0,0,0,0,0,1,0,0,0,0,0
0,0,3121,346,526,11,70377,252,1837,0,213,901,5198,1,279,713,3593,7878,4172,454,159,0,1,761,9,0,1,0,185,85,5762,46,45,1760,451,0,730,0,1,347,58,30,377,0,10380,0,61,2503,0,0,204,59,74,35,9684,0,37,23,370,4,1,179,24,1004,21,7979,9825,25621,0,1,1,121,9116,19,1512,17,31,13,1398,3503,52,44,44,0,0
0,0,0,0,0,0,0,0,0,0,0,0,0,0,0,0,0,0,0,0,0,0,0,0,0,1,0,0,0,0,0,0,0,0,0,0,0,0,0,0,0,0,0,0,0,0,0,0,0,0,0,0,0,0,0,0,0,0,0,0,0,0,0,0,0,0,0,0,0,0,0,0,0,0,0,0,0,0,0,0,0,0,0,0,0
0,0,0,0,0,0,0,0,0,0,0,0,0,0,0,0,0,0,0,0,0,0,0,0,0,0,0,0,0,0,0,0,0,0,0,0,0,0,0,0,0,0,0,0,0,0,0,0,0,0,0,0,0,0,0,0,0,0,0,0,0,0,0,0,0,0,0,0,0,0,0,0,0,0,0,0,0,0,0,0,0,0,0,0,0
0,0,24,2,3,1,319,3,5,0,2,3,33,0,4,14,17,57,11,11,2,0,0,12,0,185,0,0,0,8,17,1,2,25,49,0,5,0,0,3,0,0,4,0,66,0,0,5,0,0,8,2,5,0,62,0,0,1,10,0,0,2,1,19,0,99,83,94,0,0,0,1,78,1,12,0,0,1,24,65,2,0,0,0,0
0,0,11,0,4,0,123,0,5,0,1,0,8,0,1,1,7,14,4,2,0,0,0,0,0,85,0,0,8,0,3,0,0,2,1,0,0,0,0,1,0,1,23,0,12,0,1,3,0,0,8,0,51,4,16,0,0,3,1,0,0,1,1,6,0,24,21,27,0,0,1,0,34,0,4,1,0,0,3,8,0,5,0,0,0
0,0,266,74,132,3,18368,25,783,0,30,200,766,0,48,100,676,1154,792,21,23,0,0,116,0,5762,0,0,17,3,0,6,9,493,71,0,185,0,0,68,18,1,16,0,3400,0,2,395,0,0,31,9,6,4,2470,0,5,2,42,0,0,25,4,233,2,1537,2295,8040,0,0,1,29,2714,0,590,3,4,6,202,1056,5,1,6,0,0
0,0,5,0,0,0,82,0,0,0,1,0,36,0,0,1,3,21,21,1,2,0,0,26,0,46,0,0,1,0,6,0,0,110,4,0,1,0,0,2,1,1,0,0,67,0,0,3,0,0,0,0,0,0,11,0,0,0,1,0,0,0,0,1,0,93,11,40,0,0,0,0,7,1,12,0,0,0,7,13,0,0,0,0,0
0,0,2,0,0,0,100,0,1,0,1,1,4,0,0,2,2,13,7,1,0,0,0,2,0,45,0,0,2,0,9,0,0,9,1,0,0,0,0,0,0,0,1,0,18,0,0,1,0,0,0,0,1,0,13,0,0,0,1,0,0,1,0,4,0,8,13,23,0,0,0,1,17,0,1,0,0,0,0,4,0,0,0,0,0
0,0,157,37,37,8,3460,6,105,0,48,47,1239,0,42,105,146,639,907,27,22,0,0,349,0,1760,0,0,25,2,493,110,9,0,203,0,58,0,0,45,4,8,12,0,3334,0,1,138,0,0,9,4,7,6,394,0,5,6,51,0,0,47,7,68,2,5705,565,1478,0,0,9,7,443,4,876,3,1,3,126,623,9,8,3,0,0
0,0,58,4,13,0,584,5,18,0,38,0,473,0,22,59,34,282,167,13,1,0,0,61,0,451,0,0,49,1,71,4,1,203,0,0,19,0,0,9,1,11,7,0,472,0,3,18,0,0,10,3,0,3,83,0,1,1,13,0,0,103,0,12,0,873,104,285,0,0,0,9,96,2,158,1,2,0,41,120,3,1,1,0,0
0,0,0,0,0,0,0,0,0,0,0,0,0,0,0,0,0,0,0,0,0,0,0,0,0,0,0,0,0,0,0,0,0,0,0,0,0,0,0,0,0,0,0,0,0,0,0,0,0,0,0,0,0,0,0,0,0,0,0,0,0,0,0,0,0,0,0,0,0,0,0,0,0,0,0,0,0,0,0,0,0,0,0,0,0
0,0,55,433,298,0,1979,3,31,0,7,15,125,1,65,14,48,151,107,7,107,0,1,17,0,730,0,0,5,0,185,1,0,58,19,0,0,1,0,317,29,1,0,0,456,0,1,46,0,0,2,149,2,0,383,0,134,0,48,2,0,3,1,15,16,189,417,574,0,0,1,109,219,3,32,1,7,0,49,118,5,1,19,0,0
0,0,0,2,0,0,2,0,0,0,0,0,0,0,3,1,0,0,1,0,1,0,0,0,0,0,0,0,0,0,0,0,0,0,0,0,1,0,0,2,1,0,0,0,0,0,0,0,0,0,0,0,0,0,0,0,1,0,1,7,0,0,0,0,0,0,0,2,0,0,0,2,0,0,0,0,0,0,0,0,0,0,0,0,0
0,0,0,0,0,0,1,0,0,0,0,0,1,0,2,0,0,0,0,0,0,0,0,0,0,1,0,0,0,0,0,0,0,0,0,0,0,0,0,1,1,0,0,0,0,0,0,0,0,0,0,0,0,0,0,0,0,0,0,1,0,0,0,0,1,1,0,0,0,0,0,3,0,0,0,0,1,0,0,0,0,0,0,0,0
0,0,20,1265,871,2,775,2,8,0,2,5,48,0,77,12,22,79,31,4,665,0,10,16,2,347,0,0,3,1,68,2,0,45,9,0,317,2,1,0,338,0,2,0,116,0,1,17,0,0,5,17,2,2,136,0,11,1,57,5,0,5,4,9,63,114,131,342,0,0,0,194,96,1,20,0,25,0,16,58,6,1,37,0,0
0,0,6,60,70,0,162,0,1,0,1,1,6,3,18,2,3,15,11,1,28,0,6,3,0,58,0,0,0,0,18,1,0,4,1,0,29,1,1,338,0,0,0,0,31,0,0,0,0,0,0,7,0,1,28,0,3,0,5,8,0,0,0,0,31,24,30,63,0,0,0,43,16,0,4,0,5,0,2,9,0,0,6,0,0
0,0,7,0,1,3,40,1,4,0,7,0,28,0,4,3,1,5,10,1,0,0,0,6,0,30,0,0,0,1,1,1,0,8,11,0,1,0,0,0,0,0,12,0,13,0,2,1,0,0,0,0,1,1,5,0,0,0,2,0,0,1,1,0,0,32,7,13,0,0,1,0,4,0,3,0,0,0,3,4,0,2,0,0,0
0,0,78,0,5,6,255,7,8,0,4,2,23,0,2,14,14,36,15,19,2,0,0,21,2,377,0,0,4,23,16,0,1,12,7,0,0,0,0,2,0,12,0,0,29,0,5,12,0,0,2,0,18,4,33,0,0,1,8,0,0,2,3,11,1,88,42,64,0,0,0,2,31,0,10,1,1,0,9,23,0,11,0,0,0
0,0,0,0,0,0,0,0,0,0,0,0,0,0,2,0,0,0,0,0,0,0,0,0,0,0,0,0,0,0,0,0,0,0,0,0,0,0,0,0,0,0,0,0,0,0,0,0,0,0,0,0,0,0,0,0,0,0,0,0,0,0,0,0,0,0,0,0,0,0,0,0,0,0,0,0,0,0,0,0,0,0,0,0,0
0,0,689,111,210,3,25814,36,620,0,187,234,6635,1,183,470,748,2867,10875,54,41,0,0,648,2,10380,0,0,66,12,3400,67,18,3334,472,0,456,0,0,116,31,13,29,0,0,0,9,766,0,0,31,48,12,9,2632,0,25,2,121,1,0,115,7,203,5,7659,4467,9140,0,0,1,64,3086,15,2269,10,7,11,689,2646,16,6,18,0,0
0,0,0,0,0,0,0,0,0,0,0,0,0,0,0,0,0,0,0,0,0,0,0,0,0,0,0,0,0,0,0,0,0,0,0,0,0,0,0,0,0,0,0,0,0,0,0,0,0,0,0,0,0,0,0,0,0,0,0,0,0,0,0,0,0,0,0,0,0,0,0,0,0,0,0,0,0,0,0,0,0,0,0,0,0
0,0,13,2,1,0,29,1,1,0,1,0,11,0,3,6,4,15,2,6,0,0,0,3,0,61,0,0,0,1,2,0,0,1,3,0,1,0,0,1,0,2,5,0,9,0,0,4,0,0,0,0,0,0,0,0,2,0,0,0,0,1,0,1,0,11,11,9,0,0,0,1,3,0,2,0,0,0,3,0,0,0,0,0,0
0,0,103,19,29,0,8195,7,111,0,10,54,185,0,7,22,123,203,208,11,13,0,0,25,0,2503,0,0,5,3,395,3,1,138,18,0,46,0,0,17,0,1,12,0,766,0,4,0,0,0,14,4,4,3,686,0,1,2,22,0,0,2,1,49,1,376,737,1243,0,0,0,6,715,4,65,2,0,1,35,192,1,1,2,0,0
0,0,0,0,0,0,0,0,0,0,0,0,0,0,0,0,0,0,0,0,0,0,0,0,0,0,0,0,0,0,0,0,0,0,0,0,0,0,0,0,0,0,0,0,0,0,0,0,0,0,0,0,0,0,0,0,0,0,0,0,0,0,0,0,0,0,0,0,0,0,0,0,0,0,0,0,0,0,0,0,0,0,0,0,0
0,0,0,0,0,0,0,0,0,0,0,0,0,0,0,0,0,0,0,0,0,0,0,0,0,0,0,0,0,0,0,0,0,0,0,0,0,0,0,0,0,0,0,0,0,0,0,0,0,0,0,0,0,0,0,0,0,0,0,0,0,0,0,0,0,0,0,0,0,0,0,0,0,0,0,0,0,0,0,0,0,0,0,0,0
0,0,23,4,8,0,563,8,9,0,3,0,27,0,2,0,13,21,8,1,2,0,0,6,0,204,0,0,8,8,31,0,0,9,10,0,2,0,0,5,0,0,2,0,31,0,0,14,0,0,0,0,6,2,149,0,0,1,4,0,0,3,1,19,1,60,118,107,0,0,0,0,100,1,10,3,0,0,4,14,0,4,0,0,0
0,0,2,11,16,0,126,1,2,0,0,1,14,0,8,2,1,15,18,4,3,0,0,3,0,59,0,0,2,0,9,0,0,4,3,0,149,0,0,17,7,0,0,0,48,0,0,4,0,0,0,0,1,0,28,0,18,0,8,0,0,0,0,3,4,14,21,45,0,0,0,9,10,0,1,0,0,1,5,6,2,0,4,0,0
0,0,15,2,1,1,96,0,3,0,1,2,7,0,1,3,4,23,1,2,1,0,0,2,0,74,0,0,5,51,6,0,1,7,0,0,2,0,0,2,0,1,18,0,12,0,0,4,0,0,6,1,0,2,11,0,0,3,2,0,0,1,1,6,1,21,14,35,0,0,0,0,38,0,6,0,2,1,2,16,0,2,0,0,0
0,0,4,1,1,1,70,0,0,0,1,0,3,0,0,0,1,1,3,2,1,0,0,0,0,35,0,0,0,4,4,0,0,6,3,0,0,0,0,2,1,1,4,0,9,0,0,3,0,0,2,0,2,0,14,0,0,60,3,0,0,1,6,0,0,9,16,14,0,0,4,0,4,0,0,1,0,0,2,0,0,72,0,0,0
0,0,511,144,240,2,33646,57,461,0,38,215,792,0,78,97,616,1230,848,30,91,0,0,132,1,9684,0,0,62,16,2470,11,13,394,83,0,383,0,0,136,28,5,33,0,2632,0,0,686,0,0,149,28,11,14,0,0,7,9,107,3,0,24,10,259,11,1463,6470,7198,0,0,0,48,5936,8,334,10,5,3,253,928,8,17,9,0,0
0,0,0,0,0,0,0,0,0,0,0,0,0,0,0,0,0,0,0,0,0,0,0,0,0,0,0,0,0,0,0,0,0,0,0,0,0,0,0,0,0,0,0,0,0,0,0,0,0,0,0,0,0,0,0,0,0,0,0,0,0,0,0,0,0,0,0,0,0,0,0,0,0,0,0,0,0,0,0,0,0,0,0,0,0
0,0,3,9,8,0,86,0,1,0,6,0,14,0,37,1,5,10,8,1,3,0,0,1,1,37,0,0,0,0,5,0,0,5,1,0,134,1,0,11,3,0,0,0,25,0,2,1,0,0,0,18,0,0,7,0,0,0,6,1,0,2,0,2,2,24,13,33,0,0,0,12,7,1,4,0,3,0,3,8,1,0,6,0,0
0,0,1,0,1,0,48,0,0,0,0,0,3,0,0,0,0,4,0,1,1,0,0,0,0,23,0,0,1,3,2,0,0,6,1,0,0,0,0,1,0,0,1,0,2,0,0,2,0,0,1,0,3,60,9,0,0,0,3,0,0,2,3,0,0,7,10,9,0,0,1,0,7,0,0,0,0,0,1,2,0,47,0,0,0
0,0,32,33,39,2,689,6,9,0,9,3,72,0,85,11,20,83,47,10,17,0,0,21,1,370,0,0,10,1,42,1,1,51,13,0,48,1,0,57,5,2,8,0,121,0,0,22,0,0,4,8,2,3,107,0,6,3,0,0,0,4,2,13,10,174,130,255,0,0,0,13,64,0,29,1,11,0,26,45,25,5,1,0,0
0,0,1,4,3,0,5,0,0,0,0,0,0,0,14,0,0,1,2,0,4,0,2,0,1,4,0,0,0,0,0,0,0,0,0,0,2,7,1,5,8,0,0,0,1,0,0,0,0,0,0,0,0,0,3,0,1,0,0,0,0,0,0,0,3,2,0,7,0,1,0,8,1,0,0,0,0,0,0,0,0,0,0,0,0
0,0,1,0,0,0,1,0,0,0,0,0,0,0,0,0,1,0,0,0,0,0,0,0,0,1,0,0,0,0,0,0,0,0,0,0,0,0,0,0,0,0,0,0,0,0,0,0,0,0,0,0,0,0,0,0,0,0,0,0,0,0,0,0,0,0,0,1,0,0,0,0,0,0,0,0,0,0,0,0,0,0,0,0,0
0,0,28,3,4,1,213,1,12,0,13,0,122,0,5,17,10,167,11,3,0,0,0,59,0,179,0,0,2,1,25,0,1,47,103,0,3,0,0,5,0,1,2,0,115,0,1,2,0,0,3,0,1,1,24,0,2,2,4,0,0,0,0,18,1,326,29,114,0,0,0,4,26,0,74,1,1,1,23,55,0,0,0,0,0
0,0,2,4,3,2,51,0,0,0,1,0,7,0,5,0,2,6,2,1,1,0,0,2,0,24,0,0,1,1,4,0,0,7,0,0,1,0,0,4,0,1,3,0,7,0,0,1,0,0,1,0,1,6,10,0,0,3,2,0,0,0,0,1,0,14,10,21,0,0,1,0,9,0,2,0,0,0,0,6,0,4,1,0,0
0,0,86,11,15,1,1551,24,44,0,15,12,159,0,6,11,65,161,78,12,3,0,0,43,0,1004,0,0,19,6,233,1,4,68,12,0,15,0,0,9,0,0,11,0,203,0,1,49,0,0,19,3,6,0,259,0,2,0,13,0,0,18,1,0,1,356,203,501,0,0,0,4,315,0,104,0,0,0,39,134,2,4,1,0,0
0,0,2,21,18,0,51,0,0,0,0,0,1,1,66,1,6,2,1,0,29,0,1,0,0,21,0,0,0,0,2,0,0,2,0,0,16,0,1,63,31,0,1,0,5,0,0,1,0,0,1,4,1,0,11,0,2,0,10,3,0,1,0,1,0,3,5,35,0,0,0,54,2,1,1,0,6,0,3,3,4,1,4,0,0
0,0,687,80,110,4,11961,55,466,0,185,133,4491,1,184,614,723,2775,2923,101,34,0,1,1023,1,7979,0,0,99,24,1537,93,8,5705,873,0,189,0,1,114,24,32,88,0,7659,0,11,376,0,0,60,14,21,9,1463,0,24,7,174,2,0,326,14,356,3,0,1843,5473,0,0,0,39,1704,6,4185,10,9,5,765,1945,45,13,14,0,0
0,0,822,187,323,6,32032,71,360,0,35,256,1210,1,87,104,524,1397,1007,34,56,0,0,203,1,9825,0,0,83,21,2295,11,13,565,104,0,417,0,0,131,30,7,42,0,4467,0,11,737,0,0,118,21,14,16,6470,0,13,10,130,0,0,29,10,203,5,1843,0,6046,0,0,2,57,4470,10,356,38,7,16,492,1811,9,8,17,0,0
0,0,1112,363,444,3,54041,99,1840,0,142,398,3328,9,250,449,3162,5922,3250,95,192,0,3,438,1,25621,0,0,94,27,8040,40,23,1478,285,0,574,2,0,342,63,13,64,0,9140,0,9,1243,0,0,107,45,35,14,7198,0,33,9,255,7,1,114,21,501,35,5473,6046,0,0,0,0,160,7150,14,1204,14,40,7,1070,2806,48,12,29,0,0
0,0,0,0,0,0,0,0,0,0,0,0,0,0,0,0,0,0,0,0,0,0,0,0,0,0,0,0,0,0,0,0,0,0,0,0,0,0,0,0,0,0,0,0,0,0,0,0,0,0,0,0,0,0,0,0,0,0,0,0,0,0,0,0,0,0,0,0,0,0,0,0,0,0,0,0,0,0,0,0,0,0,0,0,0
0,0,0,1,1,0,0,0,0,0,0,0,0,0,0,0,0,0,0,0,0,0,0,0,0,1,0,0,0,0,0,0,0,0,0,0,0,0,0,0,0,0,0,0,0,0,0,0,0,0,0,0,0,0,0,0,0,0,0,1,0,0,0,0,0,0,0,0,0,0,0,0,0,0,0,0,0,0,0,0,0,0,0,0,0
0,0,0,0,0,0,6,1,0,0,0,0,1,0,0,0,0,0,0,0,0,0,0,0,0,1,0,0,0,1,1,0,0,9,0,0,1,0,0,0,0,1,0,0,1,0,0,0,0,0,0,0,0,4,0,0,0,1,0,0,0,0,1,0,0,0,2,0,0,0,0,0,2,0,0,0,0,0,0,0,0,0,0,0,0
0,0,15,151,126,0,242,2,1,0,2,2,31,2,130,3,14,39,13,0,84,0,1,6,0,121,0,0,1,0,29,0,1,7,9,0,109,2,3,194,43,0,2,0,64,0,1,6,0,0,0,9,0,0,48,0,12,0,13,8,0,4,0,4,54,39,57,160,0,0,0,0,23,0,11,0,20,0,17,22,2,1,23,0,0
0,0,577,103,175,2,27229,72,422,0,41,232,869,0,64,114,645,1217,867,36,35,0,0,162,1,9116,0,0,78,34,2714,7,17,443,96,0,219,0,0,96,16,4,31,0,3086,0,3,715,0,0,100,10,38,4,5936,0,7,7,64,1,0,26,9,315,2,1704,4470,7150,0,0,2,23,0,4,386,8,8,2,342,1141,7,3,7,0,0
0,0,10,0,1,0,45,1,1,0,4,0,9,0,1,2,1,4,0,0,0,0,0,4,0,19,0,0,1,0,0,1,0,4,2,0,3,0,0,1,0,0,0,0,15,0,0,4,0,0,1,0,0,0,8,0,1,0,0,0,0,0,0,0,1,6,10,14,0,0,0,0,4,0,4,1,0,0,4,3,0,0,0,0,0
0,0,92,10,14,0,2685,15,126,0,124,19,2040,0,52,161,227,655,1082,10,5,0,0,183,0,1512,0,0,12,4,590,12,1,876,158,0,32,0,0,20,4,3,10,0,2269,0,2,65,0,0,10,1,6,0,334,0,4,0,29,0,0,74,2,104,1,4185,356,1204,0,0,0,11,386,4,0,2,2,0,162,497,5,4,3,0,0
0,0,11,0,2,0,60,1,0,0,0,0,5,0,1,1,0,6,0,0,0,0,0,0,0,17,0,0,0,1,3,0,0,3,1,0,1,0,0,0,0,0,1,0,10,0,0,2,0,0,3,0,0,1,10,0,0,0,1,0,0,1,0,0,0,10,38,14,0,0,0,0,8,1,2,0,0,0,1,1,1,0,0,0,0
0,0,1,16,14,0,52,0,1,0,1,0,7,0,21,4,3,7,6,0,20,0,0,0,0,31,0,0,0,0,4,0,0,1,2,0,7,0,1,25,5,0,1,0,7,0,0,0,0,0,0,0,2,0,5,0,3,0,11,0,0,1,0,0,6,9,7,40,0,0,0,20,8,0,2,0,0,0,4,5,7,0,2,0,0
0,0,1,0,0,0,25,1,0,0,1,1,1,0,1,0,1,6,0,0,0,0,0,6,0,13,0,0,1,0,6,0,0,3,0,0,0,0,0,0,0,0,0,0,11,0,0,1,0,0,0,1,1,0,3,0,0,0,0,0,0,1,0,0,0,5,16,7,0,0,0,0,2,0,0,0,0,0,1,33,0,0,0,0,0
0,0,100,20,26,1,2051,10,69,0,8,13,430,0,27,133,166,797,276,12,9,0,0,82,0,1398,0,0,24,3,202,7,0,126,41,0,49,0,0,16,2,3,9,0,689,0,3,35,0,0,4,5,2,2,253,0,3,1,26,0,0,23,0,39,3,765,492,1070,0,0,0,17,342,4,162,1,4,1,0,983,6,0,1,0,0
0,0,299,51,72,3,6776,29,279,0,50,51,1010,0,34,204,352,1092,821,22,25,0,1,205,1,3503,0,0,65,8,1056,13,4,623,120,0,118,0,0,58,9,4,23,0,2646,0,0,192,0,0,14,6,16,0,928,0,8,2,45,0,0,55,6,134,3,1945,1811,2806,0,0,0,22,1141,3,497,1,5,33,983,0,27,1,3,0,0
0,0,2,4,4,0,90,0,0,0,1,1,16,0,12,3,5,9,10,2,2,0,0,3,0,52,0,0,2,0,5,0,0,9,3,0,5,0,0,6,0,0,0,0,16,0,0,1,0,0,0,2,0,0,8,0,1,0,25,0,0,0,0,2,4,45,9,48,0,0,0,2,7,0,5,1,7,0,6,27,0,0,1,0,0
0,0,3,2,5,4,74,3,0,0,0,0,11,0,2,2,0,6,3,0,1,0,0,2,0,44,0,0,0,5,1,0,0,8,1,0,1,0,0,1,0,2,11,0,6,0,0,1,0,0,4,0,2,72,17,0,0,47,5,0,0,0,4,4,1,13,8,12,0,0,0,1,3,0,4,0,0,0,0,1,0,0,0,0,0
0,0,3,88,88,0,95,0,0,0,0,0,3,0,9,0,2,8,7,2,13,0,0,4,0,44,0,0,0,0,6,0,0,3,1,0,19,0,0,37,6,0,0,0,18,0,0,2,0,0,0,4,0,0,9,0,6,0,1,0,0,0,1,1,4,14,17,29,0,0,0,23,7,0,3,0,2,0,1,3,1,0,0,0,0
0,0,0,0,0,0,0,0,0,0,0,0,0,0,0,0,0,0,0,0,0,0,0,0,0,0,0,0,0,0,0,0,0,0,0,0,0,0,0,0,0,0,0,0,0,0,0,0,0,0,0,0,0,0,0,0,0,0,0,0,0,0,0,0,0,0,0,0,0,0,0,0,0,0,0,0,0,0,0,0,0,0,0,0,0
0,0,0,0,0,0,0,0,0,0,0,0,0,0,0,0,0,0,0,0,0,0,0,0,0,0,0,0,0,0,0,0,0,0,0,0,0,0,0,0,0,0,0,0,0,0,0,0,0,0,0,0,0,0,0,0,0,0,0,0,0,0,0,0,0,0,0,0,0,0,0,0,0,0,0,0,0,0,0,0,0,0,0,0,0
