Acne Cream,Acne Relief Patches,After Shave Balm,After Shave Lotion,Amla Oil,BB Cream,Baby Toothpaste,Bathing Bar,Beard Colour,Beard Oil,Beard Wash,Beard Wax,Bleach,Body Butter,Body Lotion,Body Mist,Body Oil,Body Polishing Oil,Body Scrub,Body Wash,Brush,Castor Oil,Cleanser,Cleansing Milk,Coconut Oil,Cold Cream,Cologne Spray,Comb,Combo,Conditioner,Cotton Balls,Day Cream,Dental Floss,Dental Gel,Deodorant Spray,Disposal Bag,Dry Shampoo,Eau de Parfum,Electric Toothbrush,Eye Cream,Eyelash Curler,Eyeliner,Face Cream,Face Gel,Face Lotion,Face Mask,Face Mist,Face Pack,Face Pack Brush,Face Scrub,Face Serum,Face Wash,Face Wipes,Facial Kit,Foot Cream,Foot Scrubber,Foundation,Gel,Gift Box,Grooming Kit,Hair Brush,Hair Cleanser,Hair Colour,Hair Comb,Hair Cream,Hair Dryer,Hair Fixer,Hair Gel,Hair Mask,Hair Mist,Hair Oil,Hair Pin,Hair Removal Cream,Hair Serum,Hair Spray,Hair Treatment,Hair Wash Powder,Hair Wax,Hand Cream,Hand Wash,Henna,Intimate Wash,Kajal,Kids Toothbrush,Kit,Lip Balm,Lip Butter,Loofah,Makeup Brush,Mascara,Men's Deodorant,Men's Perfume,Men's Razor,Menstrual Cup,Micellar Water,Moisturizer,Moisturizing Cream,Moisturizing Lotion,Mouth Spray,Mouthwash,Multipurpose Cream,Nail Clipper,Nail Paint Remover,Night Cream,Oil,Onion Oil,Pain Relief Patch,Panty Liners,Perfume,Perfume Spray,Period Panty,Petroleum Jelly,Pins,Powder,Powder Puff,Pumice Stone,Razor,Razor Cartridge,Roll On,Rose Water,Safety Pin,Sanitary Pads,Scalp Tonic,Scrub,Serum,Shampoo,Shampoo & Conditioner,Shaving Brush,Shaving Cream,Shaving Foam,Shaving Gel,Shaving Kit,Sheet Mask,Sindoor,Skin Bleach,Skin Cream,Skin Oil,Soap,Strips,Sunscreen,Sunscreen Gel,Talc,Tampons,Toner,Tooth Powder,Toothbrush,Toothpaste,Under Eye Cream,Urination Device,Wax Strips,Wet Wipes,Wipes,Women's Deodorant,Women's Perfume,Women's Razor
0,1,0,0,0,0,0,1,0,0,0,0,0,0,1,0,0,0,0,2,0,0,0,0,1,0,0,0,0,0,0,0,0,0,0,0,0,1,0,0,0,0,0,0,1,0,0,0,0,0,1,4,1,0,0,0,0,2,0,0,0,0,0,0,0,0,0,1,0,0,0,0,0,1,0,0,0,0,0,1,0,0,1,0,0,1,0,0,0,0,0,0,0,0,0,0,0,0,0,0,0,0,0,0,0,0,0,0,0,0,0,0,0,0,0,0,0,0,0,0,0,2,0,0,0,0,1,0,0,0,0,0,0,0,0,0,0,0,0,1,0,0,0,3,0,0,2,1,0,1,0,0,0,0,0
1,0,0,0,0,2,0,1,0,0,0,0,0,1,6,1,0,1,4,18,1,0,0,0,2,0,0,5,0,8,4,1,2,0,4,0,0,0,0,2,1,0,7,2,1,8,0,11,1,9,9,25,4,1,1,1,0,17,0,0,1,0,2,0,0,0,0,0,1,0,8,1,4,0,0,0,0,0,2,10,0,5,3,0,3,3,1,4,0,2,0,0,1,0,0,2,2,2,0,5,0,3,3,1,0,0,4,4,2,0,0,0,0,1,3,1,8,3,11,3,2,18,0,2,0,16,0,0,1,0,1,0,19,0,2,0,0,16,19,8,0,2,1,4,0,11,19,0,0,5,3,0,1,0,21
0,0,0,18,0,0,0,4,0,0,0,0,0,0,3,0,0,0,0,19,0,0,0,0,9,0,1,0,0,3,0,1,0,0,12,0,0,1,0,0,0,0,0,0,1,1,0,2,0,1,0,21,0,0,0,1,0,4,0,0,0,1,5,0,1,0,0,1,0,0,5,0,5,2,0,0,0,0,0,17,0,1,0,0,0,3,0,2,0,0,1,0,19,1,0,2,2,1,0,4,0,3,0,0,0,0,0,0,0,1,0,0,0,1,0,1,16,10,7,0,0,8,0,7,0,17,1,17,47,53,9,2,1,0,0,0,0,30,2,2,0,6,0,0,0,10,27,0,0,1,1,0,1,0,3
0,0,18,0,1,4,0,13,2,0,0,0,0,0,91,2,1,0,4,163,4,1,0,0,46,0,11,4,1,73,4,10,0,1,196,0,0,5,1,1,1,0,47,0,4,10,0,15,2,5,1,212,4,1,0,3,0,31,0,5,2,24,50,0,7,0,0,14,1,0,83,1,35,15,0,0,0,0,3,218,9,11,10,1,4,10,1,9,0,0,8,6,350,1,0,10,24,15,1,60,2,13,2,4,0,8,0,1,13,0,0,2,0,3,0,1,103,152,57,5,0,81,0,21,0,167,13,145,448,441,82,4,10,1,9,3,0,357,0,24,1,103,3,1,1,111,317,1,0,3,9,0,3,0,28
0,0,0,1,0,0,0,0,0,0,0,0,0,0,0,0,0,0,0,2,0,0,1,0,6,0,0,0,0,3,0,0,0,0,3,0,0,0,0,0,0,0,1,0,0,0,0,0,0,0,0,3,0,0,0,0,0,1,0,0,0,4,3,0,0,0,0,0,0,0,13,0,1,1,0,0,0,0,0,7,1,0,0,1,1,1,0,0,0,0,0,0,1,1,0,0,0,2,0,0,0,0,0,0,0,2,0,0,0,0,0,0,0,0,0,0,0,1,0,0,0,6,0,0,0,7,2,1,0,0,1,0,0,0,0,0,0,23,0,0,0,4,0,0,0,3,16,0,0,0,0,0,0,0,0
0,2,0,4,0,0,0,2,0,0,0,0,0,1,24,0,0,0,1,28,0,0,0,0,22,3,0,3,0,24,2,13,0,0,47,0,0,0,0,2,1,1,37,1,5,10,0,27,2,4,5,117,5,2,1,0,1,19,0,0,0,9,32,0,0,0,0,3,0,0,30,2,16,8,0,0,0,0,2,44,4,4,25,3,0,8,1,1,0,3,0,1,4,0,0,3,13,10,0,5,2,2,9,4,0,1,1,5,0,1,0,1,0,10,0,1,4,3,13,7,0,58,0,29,0,54,1,0,3,2,0,0,15,0,17,2,0,106,6,25,1,26,1,5,1,22,75,0,0,4,2,0,6,0,12
0,0,0,0,0,0,0,2,0,0,0,0,0,1,14,0,0,0,1,14,0,0,0,0,15,0,0,3,0,11,2,0,0,0,9,0,0,0,0,0,0,0,3,0,1,3,0,1,0,2,1,20,1,0,2,2,0,7,0,0,0,1,6,0,0,0,0,0,0,0,8,0,2,1,0,0,0,0,2,49,3,5,1,22,0,3,0,3,0,0,0,0,1,0,0,0,1,3,0,4,0,0,4,1,0,0,0,2,0,0,0,0,0,1,0,0,0,0,2,1,0,32,0,5,0,25,2,0,1,1,0,0,4,0,0,0,0,67,0,5,0,8,1,0,0,38,126,0,0,2,1,0,0,1,4
1,1,4,13,0,2,2,0,0,0,0,0,0,1,114,3,1,0,6,195,2,1,1,0,115,4,9,7,3,90,3,4,0,0,113,1,0,2,0,1,0,0,34,2,10,7,0,26,1,14,5,267,1,0,2,2,0,42,0,0,1,29,63,0,5,0,0,6,2,0,128,0,31,21,0,0,0,0,3,491,24,21,12,8,3,6,0,19,0,1,3,8,29,0,0,10,16,23,1,70,3,9,12,11,0,4,1,9,1,1,0,0,1,4,2,9,13,16,41,10,0,195,0,31,1,376,49,1,24,16,9,0,19,0,3,0,0,1001,2,32,0,97,7,4,3,183,755,4,1,10,13,0,7,1,22
0,0,0,2,0,0,0,0,0,0,0,0,0,0,1,0,0,0,0,3,1,0,0,0,1,0,0,0,0,2,0,0,0,0,2,0,0,0,0,0,0,0,0,0,1,1,0,2,1,0,0,9,0,2,0,0,0,2,0,0,0,1,20,0,1,0,0,4,0,0,3,0,7,3,0,0,0,1,0,6,1,0,0,1,1,0,0,0,0,0,0,0,4,0,0,1,0,0,0,0,0,0,0,0,0,4,0,0,0,0,0,0,0,0,0,0,5,0,1,1,0,0,0,1,0,5,0,0,2,1,0,0,1,0,2,0,0,7,0,2,0,2,0,0,0,3,6,0,0,0,0,0,0,0,2
0,0,0,0,0,0,0,0,0,0,0,0,0,0,0,0,0,0,0,1,0,0,0,0,0,0,0,0,0,0,0,0,0,0,0,0,0,0,0,0,0,0,0,0,0,0,0,0,0,0,0,0,0,0,0,0,0,0,0,0,0,0,0,0,0,0,0,0,0,0,0,0,0,0,0,0,0,0,0,0,0,0,0,0,0,0,0,0,0,0,0,0,0,0,0,0,0,0,0,0,0,0,0,0,0,0,0,1,0,0,0,0,0,0,0,0,0,0,0,0,0,0,0,0,0,0,0,0,0,0,0,0,0,0,0,0,0,0,0,0,0,0,0,0,0,0,0,0,0,0,0,0,0,0,0
0,0,0,0,0,0,0,0,0,0,0,0,0,0,0,0,0,0,0,1,0,0,0,0,0,0,0,0,0,0,0,0,0,0,0,0,0,0,0,0,0,0,0,0,0,0,0,1,0,0,0,2,0,0,0,0,0,0,0,0,0,0,0,0,0,0,0,0,0,0,0,0,0,0,0,0,0,0,0,1,0,0,0,0,0,0,0,0,0,0,0,0,0,0,0,0,0,0,0,0,0,0,0,0,0,1,0,0,0,0,0,0,0,1,0,0,0,0,0,0,0,0,0,0,0,1,0,0,0,0,0,0,0,0,0,0,0,1,0,0,0,0,0,0,0,0,1,0,0,0,0,0,0,0,0
0,0,0,0,0,0,0,0,0,0,0,0,0,0,0,0,0,0,0,0,0,0,0,0,0,0,0,0,0,1,0,0,0,0,0,0,0,0,0,0,0,0,0,0,0,0,0,0,0,1,0,0,0,0,0,0,0,0,0,0,0,0,0,0,0,0,0,0,0,0,0,0,0,0,0,0,0,0,0,0,0,0,0,0,0,0,0,0,0,0,0,0,0,0,0,0,0,0,0,0,0,0,0,0,0,0,0,0,0,0,0,0,0,0,0,0,0,0,0,0,0,0,0,0,0,0,0,0,0,0,0,0,0,0,0,0,0,0,0,0,0,0,0,0,0,0,0,0,0,0,0,0,0,0,0
0,0,0,0,0,0,0,0,0,0,0,0,0,0,0,0,0,0,0,0,0,0,0,0,0,0,0,0,0,0,0,0,0,0,0,0,0,0,0,0,0,0,0,0,0,0,0,0,0,0,0,0,0,0,0,0,0,0,0,0,0,0,0,0,0,0,0,0,0,0,0,0,0,0,0,0,0,0,0,0,0,0,0,0,0,0,0,0,0,0,0,0,0,0,0,0,0,0,0,0,0,0,0,0,0,0,0,0,0,0,0,0,0,0,0,0,0,0,0,0,0,0,0,0,0,0,0,0,0,0,0,0,0,0,0,0,0,0,0,0,0,0,0,0,0,0,0,0,0,0,0,0,0,0,0
0,1,0,0,0,1,1,1,0,0,0,0,0,0,10,3,2,12,16,27,2,0,0,0,3,0,0,2,0,4,1,2,0,0,5,0,0,1,1,0,0,0,2,2,1,3,0,3,0,8,2,11,1,0,1,1,0,7,0,0,0,2,2,0,0,0,0,1,1,0,4,0,3,3,0,0,0,0,2,8,2,0,1,0,6,0,0,6,0,0,0,1,0,1,0,3,1,4,0,2,0,0,0,0,0,0,0,1,0,0,0,0,0,1,0,1,3,1,1,3,0,4,0,4,1,11,0,0,0,0,0,1,3,0,1,0,0,9,1,1,1,1,0,1,0,7,9,0,0,1,1,0,1,0,4
1,6,3,91,0,24,14,114,1,0,0,0,0,10,0,72,11,9,33,2143,22,11,4,0,966,71,35,41,5,1037,31,139,2,6,1018,8,0,10,3,10,6,2,494,10,104,57,0,178,9,104,45,2141,44,16,33,24,5,594,0,10,10,140,438,0,10,0,0,43,19,0,1031,12,244,199,0,2,2,0,86,2264,126,205,144,34,34,169,3,158,3,4,27,16,130,15,0,90,480,262,8,326,35,61,117,53,0,43,4,81,32,23,2,110,6,40,5,29,72,101,447,141,5,1557,0,239,3,2457,138,17,118,85,37,1,94,2,62,19,0,3542,26,515,12,739,35,40,8,840,2928,5,2,75,58,0,99,24,332
0,1,0,2,0,0,0,3,0,0,0,0,0,3,72,0,2,2,2,123,2,0,0,0,11,0,0,5,2,21,3,3,1,2,44,2,0,3,0,1,3,0,7,3,1,3,0,9,2,12,20,62,4,3,0,0,0,13,0,1,2,2,11,0,1,0,0,2,8,0,17,0,9,7,0,0,0,0,15,38,2,6,14,0,4,12,1,14,0,0,0,0,5,1,0,8,2,11,0,10,1,1,10,6,0,1,1,3,10,1,0,1,0,9,2,7,19,8,40,1,1,49,0,5,0,56,3,1,1,1,1,0,14,0,4,0,0,41,5,17,1,30,3,8,0,14,43,0,1,1,3,0,5,4,26
0,0,0,1,0,0,0,1,0,0,0,0,0,2,11,2,0,0,0,16,1,0,0,0,9,1,1,0,0,4,1,0,0,1,2,0,0,0,1,0,0,0,2,0,0,0,0,0,1,0,0,10,0,0,1,0,0,6,0,0,1,1,7,0,0,0,0,0,0,0,9,0,2,1,0,0,0,0,1,15,0,0,1,0,1,0,0,1,1,0,0,0,0,0,0,0,3,1,0,1,0,1,0,0,0,0,0,0,0,0,0,2,0,1,0,0,0,1,0,1,0,12,0,1,1,11,1,0,1,0,0,0,1,1,0,0,0,17,0,1,0,6,0,1,0,1,13,0,0,0,0,0,0,0,5
0,1,0,0,0,0,0,0,0,0,0,0,0,12,9,2,0,0,15,16,0,0,0,0,2,0,0,2,0,3,1,0,0,0,1,0,0,0,0,0,1,0,0,1,1,1,0,1,3,6,2,11,2,1,0,0,0,1,0,0,0,0,0,0,0,0,0,1,2,0,3,1,2,0,0,0,0,0,0,5,0,3,1,0,7,0,0,4,0,0,0,0,0,2,0,0,1,1,0,2,0,2,4,0,0,1,0,0,0,0,0,0,0,0,1,2,1,0,0,1,0,2,0,3,0,4,1,0,1,0,0,0,4,0,0,0,0,3,1,5,0,4,0,2,0,1,5,0,0,0,1,0,1,0,6
0,4,0,4,0,1,1,6,0,0,0,0,0,16,33,2,0,15,0,145,1,2,1,0,15,1,0,2,1,25,6,6,0,0,12,0,0,0,1,0,0,0,8,1,4,8,0,21,3,51,8,82,1,5,3,5,0,20,0,0,0,1,17,0,1,0,0,0,8,0,18,1,20,5,0,0,0,0,3,31,8,9,5,0,7,5,0,25,0,0,0,0,5,1,0,7,8,5,0,8,1,1,8,1,0,2,0,2,1,1,0,1,1,0,3,3,8,7,18,5,0,40,0,21,0,41,2,1,2,4,0,0,29,0,7,0,0,45,7,19,0,12,2,2,1,32,54,3,0,2,4,0,2,1,23
2,18,19,163,2,28,14,195,3,1,1,0,0,27,2143,123,16,16,145,0,53,19,4,1,1324,51,69,97,12,2761,95,106,10,22,1825,13,1,31,10,13,10,0,409,24,99,131,0,414,30,282,85,6232,105,30,31,66,0,857,0,19,31,384,728,0,27,0,1,101,42,0,1177,18,552,308,5,4,0,1,99,7270,200,563,271,77,59,185,13,1331,1,4,77,68,290,30,1,121,354,367,20,1010,25,116,213,54,0,97,7,175,80,57,0,61,7,62,14,97,177,204,947,202,20,2903,0,510,4,6206,411,37,252,192,67,8,235,1,104,15,0,5856,50,720,11,1005,91,68,24,2420,7204,9,1,125,129,0,171,52,798
0,1,0,4,0,0,0,2,1,0,0,0,0,2,22,2,1,0,1,53,0,2,0,0,16,0,1,38,0,36,5,3,0,0,47,0,1,1,1,1,1,0,9,2,0,2,0,5,5,9,1,62,3,0,1,13,0,14,0,0,19,3,21,0,3,1,0,8,6,0,27,3,18,22,1,0,0,0,5,39,5,3,12,3,4,7,1,17,0,1,1,1,8,0,0,3,8,7,1,20,0,20,9,3,0,4,2,5,3,0,0,1,1,1,3,13,13,6,13,3,4,36,0,10,0,56,2,5,10,5,1,0,8,0,3,0,0,55,4,12,0,10,0,0,0,97,59,0,0,2,3,0,2,4,36
0,0,0,1,0,0,0,1,0,0,0,0,0,0,11,0,0,0,2,19,2,0,0,0,40,0,0,0,0,5,0,1,0,0,4,0,0,0,0,2,1,0,5,0,1,0,0,3,1,1,0,23,1,0,0,2,0,26,0,1,1,1,4,0,0,0,0,0,0,0,31,2,4,5,0,0,0,0,2,15,3,1,1,0,0,2,0,3,0,0,0,0,1,0,0,0,2,1,0,3,0,1,1,1,0,3,0,2,0,0,0,1,0,1,1,1,2,2,6,4,1,16,0,3,0,34,2,0,0,2,1,0,1,0,3,1,0,30,1,3,0,10,0,0,0,9,26,0,0,1,1,0,0,0,4
0,0,0,0,1,0,0,1,0,0,0,0,0,0,4,0,0,0,1,4,0,0,0,0,4,0,0,0,0,2,2,1,0,0,4,0,0,0,0,0,0,0,3,0,0,1,0,5,0,4,0,11,0,2,0,0,0,9,0,0,0,0,3,0,0,0,0,2,0,0,2,0,4,0,0,0,0,0,0,5,0,1,0,0,0,0,0,1,0,0,1,0,0,0,0,0,1,1,0,1,1,0,1,0,0,0,0,0,0,0,0,0,0,0,0,0,0,0,1,0,0,2,0,3,0,6,0,0,0,0,0,0,3,0,1,0,0,10,0,3,0,1,1,1,0,2,9,1,0,1,0,0,1,1,1
0,0,0,0,0,0,0,0,0,0,0,0,0,0,0,0,0,0,0,1,0,0,0,0,0,0,0,0,0,0,0,0,0,0,0,0,0,0,0,0,0,0,0,0,0,0,0,0,0,0,0,1,0,0,0,0,0,0,0,0,0,0,0,0,0,0,0,0,0,0,0,0,0,0,0,0,0,0,0,0,0,0,0,0,0,0,0,0,0,0,0,0,0,0,0,0,0,0,0,0,0,0,0,0,0,0,0,0,0,0,0,0,0,0,0,0,0,0,0,0,0,0,0,0,0,1,1,0,0,0,0,0,0,0,0,0,0,0,0,0,0,0,0,0,0,0,0,0,0,0,0,0,0,0,0
1,2,9,46,6,22,15,115,1,0,0,0,0,3,966,11,9,2,15,1324,16,40,4,0,0,57,26,48,2,1074,47,60,5,5,700,4,0,7,0,3,6,0,390,2,29,51,0,169,12,42,22,1692,28,13,8,15,2,715,0,3,6,330,651,0,28,0,0,36,10,0,1811,2,321,170,1,9,1,0,21,3658,254,161,113,53,14,61,2,118,3,0,38,22,205,9,0,20,222,140,5,310,12,49,79,18,0,74,1,58,18,16,0,61,5,32,5,17,66,125,250,192,10,2091,0,235,2,2962,142,23,219,94,39,0,60,1,43,28,0,6987,13,220,6,1005,28,14,16,1225,5670,1,2,59,39,0,66,18,253
0,0,0,0,0,3,0,4,0,0,0,0,0,0,71,0,1,0,1,51,0,0,0,0,57,0,2,1,0,27,2,9,0,1,30,0,0,0,0,0,0,0,30,0,8,4,0,12,0,4,5,85,4,2,2,0,0,16,0,1,0,5,27,0,0,0,0,2,0,0,43,0,13,4,0,0,0,0,6,73,4,7,8,3,1,7,1,2,0,0,2,0,9,0,0,4,21,17,1,13,5,0,4,3,0,2,0,1,0,2,0,13,0,0,0,0,1,2,13,1,1,63,0,5,0,65,3,0,8,7,3,0,4,0,8,0,0,163,2,11,0,58,0,0,0,38,131,0,0,5,8,0,4,0,2
0,0,1,11,0,0,0,9,0,0,0,0,0,0,35,0,1,0,0,69,1,0,0,0,26,2,0,2,0,38,1,3,0,0,206,0,0,2,0,0,1,0,39,0,1,4,0,11,0,7,3,145,3,3,1,1,0,26,0,2,3,11,33,0,3,0,0,19,1,0,42,0,29,9,0,0,0,0,1,115,7,4,6,1,0,5,1,6,0,0,31,26,13,1,0,9,4,6,0,14,0,6,8,1,0,4,1,1,16,13,0,0,1,5,0,0,6,14,65,6,0,69,0,12,1,99,7,1,12,10,5,0,8,0,0,2,0,218,3,16,0,84,1,4,0,53,170,0,0,3,1,0,39,9,15
0,5,0,4,0,3,3,7,0,0,0,0,0,2,41,5,0,2,2,97,38,0,0,0,48,1,2,0,3,45,14,7,0,1,36,0,0,1,2,2,1,0,24,1,0,4,0,15,11,5,5,87,7,1,4,10,0,22,0,2,39,8,33,0,5,0,0,13,7,0,76,7,15,31,0,0,0,1,4,85,7,10,46,3,5,12,1,29,2,2,3,3,12,3,0,7,17,15,0,20,0,27,17,6,0,2,0,3,3,6,0,1,2,3,6,11,14,10,20,9,5,70,0,6,1,124,5,6,8,4,1,0,17,0,2,1,0,121,3,21,0,28,3,4,0,102,127,0,0,5,6,0,3,1,52
0,0,0,1,0,0,0,3,0,0,0,0,0,0,5,2,0,0,1,12,0,0,0,0,2,0,0,3,0,5,0,1,0,0,4,0,0,0,1,0,0,0,4,1,2,1,0,1,0,1,3,12,0,0,0,0,0,3,0,1,0,0,5,0,0,0,0,0,0,0,6,0,2,2,0,0,0,0,0,19,1,1,0,1,0,0,0,1,0,2,0,1,2,2,0,0,0,1,1,1,0,1,2,0,0,1,0,2,0,0,0,0,0,0,0,2,3,1,3,0,0,10,0,0,0,14,1,1,2,1,1,0,2,0,1,0,0,26,0,1,0,7,1,1,1,11,26,0,0,1,0,0,2,0,2
0,8,3,73,3,24,11,90,2,0,0,1,0,4,1037,21,4,3,25,2761,36,5,2,0,1074,27,38,45,5,0,47,92,6,7,786,6,0,4,3,8,6,0,424,9,54,92,0,222,16,111,60,2664,37,20,12,22,3,562,0,2,13,466,997,1,12,0,1,49,36,0,1196,14,394,670,5,3,2,0,44,2991,170,260,183,33,24,110,2,193,1,1,29,13,141,14,2,74,214,217,6,409,8,38,160,37,1,68,4,95,26,42,0,33,4,42,5,30,87,115,364,133,16,2044,0,324,6,11927,270,23,172,81,28,0,145,2,93,13,0,5202,26,378,9,604,43,35,4,1135,4157,4,2,104,52,0,96,26,445
0,4,0,4,0,2,2,3,0,0,0,0,0,1,31,3,1,1,6,95,5,0,2,0,47,2,1,14,0,47,0,2,0,0,40,1,0,0,0,2,4,0,15,1,1,8,1,17,7,23,5,95,24,0,1,10,1,39,0,1,2,5,25,0,1,0,0,1,1,0,30,4,31,19,0,2,0,0,6,126,6,15,27,3,6,13,1,25,1,2,1,0,8,3,0,6,6,15,2,20,1,35,479,5,0,3,0,14,3,2,0,3,2,3,6,18,16,8,31,72,5,143,0,22,1,81,4,1,4,2,2,0,23,0,13,0,0,96,4,30,1,27,7,14,0,67,136,0,0,17,24,0,9,2,66
0,1,1,10,0,13,0,4,0,0,0,0,0,2,139,3,0,0,6,106,3,1,1,0,60,9,3,7,1,92,2,0,0,0,86,1,0,3,0,5,0,0,119,2,11,22,0,26,1,20,22,315,15,7,2,4,1,50,0,2,2,12,52,0,0,0,0,7,3,0,116,3,48,24,0,1,0,0,7,124,12,6,43,3,3,23,0,6,0,0,1,0,14,3,0,20,27,40,0,13,0,7,17,57,0,3,1,11,2,2,0,0,1,5,3,1,6,12,38,13,3,139,0,34,3,179,10,2,17,9,3,0,29,0,22,2,0,256,9,58,2,72,2,4,1,60,207,2,0,10,3,0,11,1,32
0,2,0,0,0,0,0,0,0,0,0,0,0,0,2,1,0,0,0,10,0,0,0,0,5,0,0,0,0,6,0,0,0,5,8,2,0,0,1,1,0,0,2,0,0,0,0,1,1,0,2,9,0,0,1,0,0,2,0,0,0,1,1,0,2,0,0,0,1,0,3,1,2,1,0,0,0,0,0,20,0,1,2,1,1,1,0,2,0,0,0,0,4,0,0,1,1,2,0,53,0,0,0,1,0,2,0,2,0,0,0,0,1,0,1,0,0,0,2,0,0,8,0,1,0,8,2,0,0,0,0,0,1,0,1,0,0,20,0,3,1,1,0,1,2,32,49,0,0,2,1,0,0,0,4
0,0,0,1,0,0,0,0,0,0,0,0,0,0,6,2,1,0,0,22,0,0,0,0,5,1,0,1,0,7,0,0,5,0,9,0,0,0,1,0,0,0,3,0,0,2,0,2,1,1,1,18,1,0,0,1,0,10,0,0,0,2,4,0,0,0,0,0,1,0,7,2,4,4,0,0,0,0,1,26,2,5,3,0,1,3,0,1,0,0,0,0,4,0,0,1,2,1,3,29,0,1,1,0,0,0,0,2,0,1,0,1,1,1,2,1,1,4,1,1,0,15,0,3,0,16,1,0,0,1,0,0,2,0,0,1,0,52,1,4,0,5,0,1,1,28,116,0,1,0,1,0,0,0,2
0,4,12,196,3,47,9,113,2,0,0,0,0,5,1018,44,2,1,12,1825,47,4,4,0,700,30,206,36,4,786,40,86,8,9,0,5,0,82,2,5,8,0,510,11,45,86,0,198,9,84,51,2887,47,22,17,26,3,454,0,18,24,186,546,0,40,1,1,219,18,0,973,13,385,189,8,0,0,3,51,2313,134,158,201,41,23,133,1,124,0,8,318,171,316,13,0,100,199,147,24,427,14,64,114,33,0,38,3,78,139,69,1,26,8,94,13,28,121,185,1213,124,14,1503,0,295,2,2056,129,38,228,163,58,7,115,2,70,15,0,4103,16,388,5,1494,35,33,13,1047,3326,3,2,60,74,0,490,110,320
0,0,0,0,0,0,0,1,0,0,0,0,0,0,8,2,0,0,0,13,0,0,0,0,4,0,0,0,0,6,1,1,2,0,5,0,0,0,0,0,0,0,1,0,0,1,0,2,1,2,0,14,2,0,0,2,0,4,0,0,0,0,5,0,0,0,0,0,0,0,4,0,10,2,0,0,0,0,3,31,2,15,0,0,1,3,0,6,0,1,0,0,1,6,0,0,0,1,0,6,0,1,2,0,0,1,13,35,0,2,2,0,0,0,1,0,9,3,17,0,1,211,0,2,0,5,0,0,0,0,3,0,4,0,2,0,0,19,1,4,0,5,43,0,0,8,21,0,1,4,1,0,1,0,26
0,0,0,0,0,0,0,0,0,0,0,0,0,0,0,0,0,0,0,1,1,0,0,0,0,0,0,0,0,0,0,0,0,0,0,0,0,0,0,0,0,0,0,0,0,0,0,0,0,0,0,0,0,0,0,0,0,0,0,0,0,0,0,0,0,0,0,0,0,0,0,0,0,0,0,0,0,0,0,0,0,0,0,0,0,0,0,0,0,0,0,0,0,0,0,0,0,0,0,0,0,0,0,0,0,0,0,0,0,0,0,0,0,0,0,0,0,0,0,0,0,0,0,0,0,0,0,0,0,0,0,0,0,0,0,0,0,0,0,0,0,0,0,0,0,0,0,0,0,0,0,0,0,0,0
1,0,1,5,0,0,0,2,0,0,0,0,0,1,10,3,0,0,0,31,1,0,0,0,7,0,2,1,0,4,0,3,0,0,82,0,0,0,0,0,0,0,8,1,0,1,0,2,2,3,1,52,0,2,0,0,0,10,0,2,1,3,4,0,0,0,0,3,1,0,18,1,7,5,0,0,0,0,3,30,2,4,7,0,3,0,0,1,0,0,2,4,4,0,0,0,1,2,1,5,0,2,3,0,0,1,0,0,8,3,0,2,1,1,2,0,5,4,31,1,0,13,0,7,0,33,1,0,6,3,1,1,5,0,1,0,0,54,1,9,0,24,1,1,0,15,47,0,0,2,1,0,3,5,3
0,0,0,1,0,0,0,0,0,0,0,0,0,1,3,0,1,0,1,10,1,0,0,0,0,0,0,2,1,3,0,0,1,1,2,0,0,0,0,0,0,0,1,0,0,0,0,1,0,0,0,8,0,0,0,1,0,0,0,0,2,0,2,0,0,0,0,0,0,0,1,1,0,0,1,0,0,0,0,3,0,0,0,0,1,1,0,3,0,0,0,0,2,0,0,0,0,0,0,6,0,0,0,0,0,0,0,0,0,0,0,0,0,0,1,1,0,0,0,0,0,1,0,1,1,9,0,1,1,0,0,0,2,0,0,0,0,5,1,1,0,0,0,0,0,9,32,0,0,1,2,0,0,0,3
0,2,0,1,0,2,0,1,0,0,0,0,0,0,10,1,0,0,0,13,1,2,0,0,3,0,0,2,0,8,2,5,1,0,5,0,0,0,0,0,0,0,19,1,1,9,0,10,2,7,10,32,3,0,0,1,0,6,0,1,0,0,2,0,0,0,0,2,4,0,2,2,5,3,0,0,0,0,2,10,0,3,4,1,0,4,1,1,0,0,0,0,0,0,0,7,3,0,0,2,1,0,2,11,0,1,0,1,0,0,0,1,0,0,1,1,2,1,5,8,1,9,0,3,0,9,1,0,0,1,1,0,12,0,2,0,0,19,7,16,0,3,0,5,0,5,20,1,0,1,1,0,1,2,4
0,1,0,1,0,1,0,0,0,0,0,0,0,0,6,3,0,1,0,10,1,1,0,0,6,0,1,1,0,6,4,0,0,0,8,0,0,0,0,0,0,0,1,0,1,0,0,3,5,4,3,8,1,0,1,2,0,5,0,0,2,0,3,0,0,0,0,0,0,0,1,1,2,3,0,0,0,0,0,9,0,0,15,0,2,3,0,5,3,4,0,0,3,1,1,0,1,1,0,4,0,1,10,0,0,0,0,3,0,1,0,0,2,1,6,2,3,1,4,2,2,11,0,4,0,5,0,0,0,0,0,0,6,0,1,0,0,10,2,9,0,3,0,4,0,5,8,0,0,0,0,0,1,2,5
0,0,0,0,0,1,0,0,0,0,0,0,0,0,2,0,0,0,0,0,0,0,0,0,0,0,0,0,0,0,0,0,0,0,0,0,0,0,0,0,0,0,1,0,0,0,0,0,0,0,0,0,0,0,0,0,1,1,0,0,0,0,1,0,0,0,0,0,0,0,2,0,0,0,0,0,0,0,0,0,0,0,5,0,0,1,0,0,0,2,0,0,0,0,0,0,0,1,0,0,0,0,0,0,0,0,0,0,0,0,0,1,0,1,0,0,1,1,0,0,0,1,0,0,0,2,0,0,0,0,0,0,0,0,0,0,0,1,0,1,0,1,0,0,0,0,0,0,0,0,0,0,0,0,0
0,7,0,47,1,37,3,34,0,0,0,0,0,2,494,7,2,0,8,409,9,5,3,0,390,30,39,24,4,424,15,119,2,3,510,1,0,8,1,19,1,1,0,2,35,72,0,174,13,58,55,1633,27,27,5,12,5,271,0,5,7,94,306,0,15,0,0,61,8,0,723,9,239,89,0,2,0,2,21,721,79,48,141,24,9,78,4,26,3,3,32,20,65,8,0,75,126,115,3,99,11,9,52,67,0,26,0,26,23,15,0,24,3,29,4,9,35,67,164,97,6,657,0,182,5,1046,48,15,106,37,20,1,84,2,67,15,0,1932,13,234,4,519,11,27,1,374,1423,7,0,33,22,0,51,12,117
0,2,0,0,0,1,0,2,0,0,0,0,0,2,10,3,0,1,1,24,2,0,0,0,2,0,0,1,1,9,1,2,0,0,11,0,0,1,0,1,0,0,2,0,2,6,0,4,0,7,6,28,1,1,0,1,0,12,0,0,0,0,2,0,0,0,0,0,3,0,5,0,3,1,0,0,0,0,4,13,0,0,4,0,1,2,0,1,0,0,1,0,0,1,0,4,1,1,0,5,0,0,1,3,0,2,0,1,3,0,0,0,0,0,0,1,8,2,7,3,0,9,0,6,0,11,2,1,0,0,0,0,9,0,3,1,0,17,3,3,0,5,0,7,0,7,15,0,0,0,2,0,0,2,6
1,1,1,4,0,5,1,10,1,0,0,0,0,1,104,1,0,1,4,99,0,1,0,0,29,8,1,0,2,54,1,11,0,0,45,0,0,0,0,1,1,0,35,2,0,11,0,41,1,17,14,191,9,8,2,1,1,68,0,0,1,14,29,1,2,0,0,3,1,0,46,1,17,12,0,0,0,0,7,84,13,9,22,0,2,5,0,6,1,0,3,2,5,1,0,8,23,16,2,16,2,4,8,3,0,1,0,3,2,4,0,5,3,9,1,3,6,9,23,18,1,82,0,28,3,105,7,1,7,5,2,1,13,0,18,3,0,153,5,101,2,69,1,2,3,34,118,1,0,11,10,0,7,5,26
0,8,1,10,0,10,3,7,1,0,0,0,0,3,57,3,0,1,8,131,2,0,1,0,51,4,4,4,1,92,8,22,0,2,86,1,0,1,0,9,0,0,72,6,11,0,0,247,12,68,22,433,15,24,4,3,1,114,0,3,3,20,91,0,1,0,0,12,14,0,72,3,58,37,0,0,0,0,12,128,27,26,24,4,7,18,1,16,0,2,3,1,13,1,0,9,11,16,0,35,1,3,18,14,0,8,1,3,3,1,0,1,1,4,2,4,20,10,38,43,0,138,0,344,1,168,13,4,13,3,3,0,157,0,58,4,0,252,37,68,1,51,2,9,0,57,193,5,1,26,12,0,14,3,54
0,0,0,0,0,0,0,0,0,0,0,0,0,0,0,0,0,0,0,0,0,0,0,0,0,0,0,0,0,0,1,0,0,0,0,0,0,0,0,0,0,0,0,0,0,0,0,0,0,0,0,0,0,0,0,0,0,0,0,0,0,0,0,0,0,0,0,0,0,0,0,0,0,0,0,0,0,0,0,0,0,0,0,0,0,0,0,0,0,0,0,0,0,0,0,0,0,0,0,0,0,0,0,0,0,0,0,0,0,0,0,0,0,0,0,0,0,0,0,0,0,0,0,0,0,0,0,0,0,0,0,0,0,0,0,0,0,0,0,0,0,0,0,0,0,0,0,0,0,0,0,0,0,0,0
0,11,2,15,0,27,1,26,2,0,1,0,0,3,178,9,0,1,21,414,5,3,5,0,169,12,11,15,1,222,17,26,1,2,198,2,0,2,1,10,3,0,174,4,41,247,0,0,69,220,57,1064,33,35,8,12,1,589,0,0,3,96,160,0,2,0,0,15,23,0,180,4,134,61,0,2,0,0,18,409,60,49,75,10,11,44,2,29,0,1,9,7,32,2,0,30,50,49,5,71,5,13,44,38,0,8,2,9,10,8,0,5,4,14,2,11,48,27,105,145,8,362,0,903,7,453,30,5,32,10,8,2,225,1,157,6,0,717,53,179,2,141,7,47,5,191,588,11,1,33,38,0,17,7,129
0,1,0,2,0,2,0,1,1,0,0,0,0,0,9,2,1,3,3,30,5,1,0,0,12,0,0,11,0,16,7,1,1,1,9,1,0,2,0,2,5,0,13,0,1,12,0,69,0,12,6,52,4,9,2,9,0,25,0,1,5,3,17,0,0,0,0,1,3,0,11,5,7,4,0,0,0,0,3,28,4,2,19,3,0,8,0,5,2,0,0,0,5,1,0,3,1,4,1,4,1,5,21,3,0,0,0,3,0,0,0,1,4,0,9,5,2,4,11,15,0,41,0,22,0,32,1,2,3,1,0,0,22,0,10,0,0,44,8,9,0,6,4,3,0,24,47,0,0,6,4,0,3,0,19
0,9,1,5,0,4,2,14,0,0,0,1,0,8,104,12,0,6,51,282,9,1,4,0,42,4,7,5,1,111,23,20,0,1,84,2,0,3,0,7,4,0,58,7,17,68,0,220,12,0,44,567,16,11,4,7,0,110,0,1,5,11,44,0,7,0,0,1,15,0,67,4,47,27,0,0,0,1,9,150,11,27,27,1,8,23,2,33,1,2,0,0,17,0,0,37,26,32,2,47,3,8,28,23,0,8,1,8,10,5,0,3,2,6,3,12,28,12,34,31,2,104,0,64,3,199,18,3,11,13,4,4,114,0,45,1,0,194,36,108,0,38,5,43,0,92,198,7,0,16,16,0,10,3,65
1,9,0,1,0,5,1,5,0,0,0,0,0,2,45,20,0,2,8,85,1,0,0,0,22,5,3,5,3,60,5,22,2,1,51,0,0,1,0,10,3,0,55,6,14,22,0,57,6,44,0,202,19,14,2,6,0,63,0,1,6,2,26,0,3,0,0,3,9,0,27,1,14,48,0,0,0,0,16,58,9,7,18,0,7,17,3,4,1,1,1,0,8,1,0,37,10,20,0,12,2,7,11,23,0,3,2,4,6,4,0,0,2,3,1,2,21,2,27,25,1,64,0,40,2,96,6,1,3,6,2,0,61,0,12,0,0,89,12,83,2,26,3,44,1,32,85,7,1,8,11,0,4,0,30
4,25,21,212,3,117,20,267,9,0,2,0,0,11,2141,62,10,11,82,6232,62,23,11,1,1692,85,145,87,12,2664,95,315,9,18,2887,14,0,52,8,32,8,0,1633,28,191,433,0,1064,52,567,202,0,171,78,36,42,5,1920,0,25,42,621,1147,0,51,0,0,210,62,1,2332,24,819,411,10,10,2,6,72,6703,320,609,297,91,35,247,10,376,2,8,148,109,400,26,2,335,642,461,15,758,48,113,211,145,0,143,4,157,108,62,1,57,14,85,15,54,205,273,919,491,21,3492,0,1235,21,7200,387,65,428,252,75,6,508,2,209,52,0,10737,93,1245,22,1569,66,146,20,2767,9034,25,4,168,183,1,198,76,645
1,4,0,4,0,5,1,1,0,0,0,0,0,1,44,4,0,2,1,105,3,1,0,0,28,4,3,7,0,37,24,15,0,1,47,2,0,0,0,3,1,0,27,1,9,15,0,33,4,16,19,171,0,5,1,6,0,43,0,0,2,8,30,0,1,0,0,3,3,0,26,6,20,19,0,0,0,0,7,74,8,8,25,2,4,18,1,10,3,1,1,1,6,0,0,3,17,19,2,21,0,5,34,7,0,3,2,7,4,6,0,4,2,1,5,8,19,4,34,7,3,105,0,25,1,70,7,1,5,6,3,1,54,0,17,0,0,107,11,54,0,25,7,9,0,49,112,0,3,10,33,2,4,6,61
0,1,0,1,0,2,0,0,2,0,0,0,0,0,16,3,0,1,5,30,0,0,2,0,13,2,3,1,0,20,0,7,0,0,22,0,0,2,0,0,0,0,27,1,8,24,0,35,9,11,14,78,5,0,1,1,0,20,0,0,4,1,39,0,0,0,0,1,3,0,10,1,18,6,0,0,0,0,4,21,10,4,12,0,6,3,1,4,1,0,1,0,4,0,0,13,3,5,0,5,0,3,8,1,0,0,0,3,0,0,0,0,1,1,1,1,11,2,12,15,1,26,0,44,2,41,3,0,0,0,0,0,46,0,133,2,0,41,13,24,0,13,1,2,0,14,31,1,0,16,3,0,1,0,11
0,1,0,0,0,1,2,2,0,0,0,0,0,1,33,0,1,0,3,31,1,0,0,0,8,2,1,4,0,12,1,2,1,0,17,0,0,0,0,0,1,0,5,0,2,4,0,8,2,4,2,36,1,1,0,11,0,11,0,0,1,5,9,0,1,0,0,2,2,0,11,0,13,2,0,0,0,0,15,33,3,5,8,1,2,6,0,4,0,0,0,0,2,2,0,5,7,3,0,5,0,1,5,3,0,1,0,3,1,0,0,2,0,2,0,10,5,2,8,1,1,48,0,5,0,29,0,1,4,2,2,0,5,0,4,0,0,59,4,5,0,14,1,3,1,24,55,0,0,3,2,0,1,0,12
0,1,1,3,0,0,2,2,0,0,0,0,0,1,24,0,0,0,5,66,13,2,0,0,15,0,1,10,0,22,10,4,0,1,26,2,0,0,1,1,2,0,12,1,1,3,0,12,9,7,6,42,6,1,11,0,0,17,0,0,3,2,16,0,0,0,0,0,2,0,25,6,18,12,0,0,0,0,7,51,7,11,16,0,2,5,0,39,2,0,0,2,3,3,0,4,4,10,0,12,0,13,21,3,0,0,1,5,1,1,0,2,0,1,6,14,10,5,17,5,2,55,0,20,0,56,0,1,3,1,0,0,20,0,5,0,0,75,12,16,0,15,4,2,0,31,60,0,0,3,4,0,0,2,37
0,0,0,0,0,1,0,0,0,0,0,0,0,0,5,0,0,0,0,0,0,0,0,0,2,0,0,0,0,3,1,1,0,0,3,0,0,0,0,0,0,1,5,0,1,1,0,1,0,0,0,5,0,0,0,0,0,1,0,0,1,1,4,0,0,0,0,0,0,0,3,0,0,2,0,0,0,0,1,1,0,1,10,0,0,6,0,0,1,2,0,0,0,0,0,0,0,0,0,1,0,1,3,0,0,0,0,1,0,0,0,0,1,10,0,0,1,0,1,2,1,4,0,1,0,6,1,0,0,0,0,0,2,2,1,0,0,2,1,2,0,3,0,0,0,1,2,0,0,0,0,0,1,0,4
2,17,4,31,1,19,7,42,2,0,0,0,0,7,594,13,6,1,20,857,14,26,9,0,715,16,26,22,3,562,39,50,2,10,454,4,0,10,0,6,5,1,271,12,68,114,0,589,25,110,63,1920,43,20,11,17,1,0,0,3,7,326,320,0,3,0,0,41,16,0,564,7,232,129,2,2,0,1,26,1308,415,133,84,25,17,63,1,49,1,3,26,21,90,7,0,51,134,111,6,154,7,25,81,35,0,26,3,54,10,20,1,37,0,16,4,17,126,68,202,661,9,1084,0,397,2,1123,55,10,118,39,15,1,154,1,76,17,0,2189,44,327,6,402,16,60,7,515,1974,7,0,83,76,0,53,16,310
0,0,0,0,0,0,0,0,0,0,0,0,0,0,0,0,0,0,0,0,0,0,0,0,0,0,0,0,0,0,0,0,0,0,0,0,0,0,0,0,0,0,0,0,0,0,0,0,0,0,0,0,0,0,0,0,0,0,0,0,0,0,0,0,0,0,0,0,0,0,0,0,0,0,1,0,0,0,0,0,0,0,0,0,0,0,0,0,0,0,0,0,0,0,0,0,0,0,0,0,0,0,0,0,0,0,0,0,1,0,0,0,0,0,0,0,0,0,0,0,0,0,0,0,0,0,0,0,0,0,0,0,0,0,0,0,0,0,0,0,0,0,0,0,0,0,0,0,0,0,0,0,0,0,0
0,0,0,5,0,0,0,0,0,0,0,0,0,0,10,1,0,0,0,19,0,1,0,0,3,1,2,2,1,2,1,2,0,0,18,0,0,2,0,1,0,0,5,0,0,3,0,0,1,1,1,25,0,0,0,0,0,3,0,0,0,0,5,0,1,0,0,2,0,0,9,0,5,1,0,0,0,0,0,7,1,0,4,0,3,1,0,0,0,0,1,2,3,0,0,1,1,1,0,2,0,1,0,0,0,2,0,1,1,0,0,1,0,1,0,0,2,3,7,0,0,5,0,4,0,17,1,1,3,3,1,1,2,0,0,1,0,24,1,2,0,5,0,1,0,11,17,0,0,1,0,0,2,0,1
0,1,0,2,0,0,0,1,0,0,0,0,0,0,10,2,1,0,0,31,19,1,0,0,6,0,3,39,0,13,2,2,0,0,24,0,0,1,2,0,2,0,7,0,1,3,0,3,5,5,6,42,2,4,1,3,1,7,0,0,0,1,17,1,5,0,0,16,4,0,25,3,12,15,2,0,0,0,3,23,2,2,8,0,0,5,0,13,1,0,0,3,3,2,0,0,1,6,0,6,1,18,3,0,0,2,0,0,3,0,0,2,0,0,0,6,4,3,10,3,1,15,0,5,0,35,1,4,2,7,1,0,1,1,1,0,0,37,5,8,1,8,0,2,0,40,41,0,0,3,3,0,0,0,11
0,0,1,24,4,9,1,29,1,0,0,0,0,2,140,2,1,0,1,384,3,1,0,0,330,5,11,8,0,466,5,12,1,2,186,0,0,3,0,0,0,0,94,0,14,20,0,96,3,11,2,621,8,1,5,2,1,326,0,0,1,0,216,1,3,0,0,10,2,0,390,0,82,31,0,2,0,0,7,955,182,39,23,17,0,12,0,19,0,0,7,9,62,1,0,7,45,24,1,71,0,4,19,3,0,10,0,11,4,8,0,7,3,11,1,5,18,37,51,29,2,523,0,45,0,421,32,11,73,18,10,0,14,0,9,4,0,1896,0,59,0,211,7,4,6,293,1717,0,0,14,12,0,18,5,52
0,2,5,50,3,32,6,63,20,0,0,0,0,2,438,11,7,0,17,728,21,4,3,0,651,27,33,33,5,997,25,52,1,4,546,5,0,4,2,2,3,1,306,2,29,91,0,160,17,44,26,1147,30,39,9,16,4,320,0,5,17,216,0,0,20,0,0,80,36,0,820,17,484,215,5,1,1,0,21,1888,277,117,142,25,9,65,1,44,0,3,30,22,261,9,1,35,117,84,9,184,4,34,110,24,0,30,4,39,12,16,1,35,14,33,6,18,94,162,215,91,12,1463,0,202,2,2042,110,26,254,86,44,4,118,0,276,10,0,3230,30,208,5,528,24,17,11,759,2772,3,0,102,28,0,60,12,317
0,0,0,0,0,0,0,0,0,0,0,0,0,0,0,0,0,0,0,0,0,0,0,0,0,0,0,0,0,1,0,0,0,0,0,0,0,0,0,0,0,0,0,0,1,0,0,0,0,0,0,0,0,0,0,0,0,0,0,0,1,1,0,0,0,0,0,0,0,0,0,0,0,0,0,0,0,0,0,0,0,0,0,0,0,0,0,0,0,0,0,0,0,0,0,0,0,0,0,0,0,0,0,0,0,0,0,0,0,0,0,0,0,0,0,0,0,0,0,0,0,0,0,0,0,0,0,0,0,0,0,0,0,0,0,0,0,0,0,0,0,0,0,0,0,0,0,0,0,0,0,0,0,0,0
0,0,1,7,0,0,0,5,1,0,0,0,0,0,10,1,0,0,1,27,3,0,0,0,28,0,3,5,0,12,1,0,2,0,40,0,0,0,0,0,0,0,15,0,2,1,0,2,0,7,3,51,1,0,1,0,0,3,0,1,5,3,20,0,0,0,0,18,0,0,14,0,10,6,0,0,0,0,0,27,0,3,1,1,3,2,0,5,0,1,2,2,11,0,1,3,6,3,0,12,1,2,2,2,0,0,0,2,4,0,0,0,0,2,0,0,3,9,21,0,0,18,0,4,0,39,5,3,10,7,2,0,1,0,2,0,0,45,0,5,0,11,0,0,0,18,50,0,0,1,0,1,0,0,5
0,0,0,0,0,0,0,0,0,0,0,0,0,0,0,0,0,0,0,0,1,0,0,0,0,0,0,0,0,0,0,0,0,0,1,0,0,0,0,0,0,0,0,0,0,0,0,0,0,0,0,0,0,0,0,0,0,0,0,0,0,0,0,0,0,0,0,0,0,0,0,1,0,0,0,0,0,0,0,0,0,0,0,0,0,0,0,0,0,0,0,0,1,0,0,0,0,0,0,0,0,0,0,0,0,0,0,0,0,0,0,0,0,0,0,0,0,0,0,0,1,0,0,0,0,0,0,0,0,0,0,0,0,0,0,0,0,0,0,0,0,0,0,0,0,1,0,0,0,0,0,0,0,0,0
0,0,0,0,0,0,0,0,0,0,0,0,0,0,0,0,0,0,0,1,0,0,0,0,0,0,0,0,0,1,0,0,0,0,1,0,0,0,0,0,0,0,0,0,0,0,0,0,0,0,0,0,0,0,0,0,0,0,0,0,0,0,0,0,0,0,0,1,0,0,2,0,0,0,1,0,0,0,0,2,1,0,0,0,0,0,0,0,0,0,0,0,0,0,0,0,0,0,0,1,0,0,0,0,0,0,0,0,0,0,0,0,0,0,0,0,0,0,0,0,0,0,0,0,0,0,0,0,0,0,0,0,0,0,0,0,0,4,0,0,0,0,0,0,0,1,2,0,0,0,0,0,0,0,0
1,0,1,14,0,3,0,6,4,0,0,0,0,1,43,2,0,1,0,101,8,0,2,0,36,2,19,13,0,49,1,7,0,0,219,0,0,3,0,2,0,0,61,0,3,12,0,15,1,1,3,210,3,1,2,0,0,41,0,2,16,10,80,0,18,0,1,0,3,0,90,2,43,35,16,1,0,2,1,119,8,4,8,1,3,6,0,11,0,0,11,16,44,0,1,15,14,6,4,38,1,10,6,0,0,4,0,3,9,1,0,4,1,6,0,0,20,21,46,8,0,52,0,20,0,136,9,7,27,15,4,1,13,0,5,3,0,217,2,20,0,63,2,2,0,71,155,0,1,2,5,0,2,3,28
0,1,0,1,0,0,0,2,0,0,0,0,0,1,19,8,0,2,8,42,6,0,0,0,10,0,1,7,0,36,1,3,1,1,18,0,0,1,0,4,0,0,8,3,1,14,0,23,3,15,9,62,3,3,2,2,0,16,0,0,4,2,36,0,0,0,0,3,0,0,42,1,10,21,0,0,0,0,4,33,3,4,10,0,2,4,0,8,1,0,1,0,5,1,0,3,5,2,0,15,0,2,7,3,0,14,1,6,5,0,0,0,0,0,0,2,3,2,8,5,0,22,0,10,1,102,5,0,1,3,0,0,33,0,6,0,0,30,2,11,0,10,0,5,0,19,28,0,0,5,2,0,2,1,14
0,0,0,0,0,0,0,0,0,0,0,0,0,0,0,0,0,0,0,0,0,0,0,0,0,0,0,0,0,0,0,0,0,0,0,0,0,0,0,0,0,0,0,0,0,0,0,0,0,0,0,1,0,0,0,0,0,0,0,0,0,0,0,0,0,0,0,0,0,0,0,0,0,0,0,0,0,0,0,0,0,0,0,0,0,0,0,0,0,0,0,0,0,0,0,0,0,0,0,0,0,0,0,0,0,0,0,0,0,0,0,0,0,0,0,0,0,0,0,0,0,0,0,0,0,0,0,0,0,0,0,0,0,0,0,0,0,0,0,0,0,0,0,0,0,0,0,0,0,0,0,0,0,0,0
0,8,5,83,13,30,8,128,3,0,0,0,0,4,1031,17,9,3,18,1177,27,31,2,0,1811,43,42,76,6,1196,30,116,3,7,973,4,0,18,1,2,1,2,723,5,46,72,0,180,11,67,27,2332,26,10,11,25,3,564,0,9,25,390,820,0,14,0,2,90,42,0,0,10,418,268,5,4,3,2,27,3147,240,157,117,63,14,76,3,93,0,0,57,36,194,10,0,64,210,148,3,297,17,51,80,21,0,83,2,40,23,14,0,45,4,89,4,24,75,180,314,140,11,1762,1,245,7,4150,157,51,273,89,34,4,70,1,46,36,0,7607,14,238,9,1602,23,9,11,1269,5840,6,0,40,26,1,81,19,209
0,1,0,1,0,2,0,0,0,0,0,0,0,0,12,0,0,1,1,18,3,2,0,0,2,0,0,7,0,14,4,3,1,2,13,0,0,1,1,2,1,0,9,0,1,3,0,4,5,4,1,24,6,1,0,6,0,7,0,0,3,0,17,0,0,1,0,2,1,0,10,0,7,8,0,0,0,0,1,19,5,3,28,3,1,8,2,5,0,0,0,0,3,0,0,1,4,0,1,6,0,1,14,1,0,0,0,2,1,2,0,1,61,1,7,3,4,2,9,4,43,27,0,4,0,32,0,0,2,0,1,0,14,1,6,0,0,25,3,9,0,7,0,3,0,13,30,0,1,3,3,0,0,0,11
0,4,5,35,1,16,2,31,7,0,0,0,0,3,244,9,2,2,20,552,18,4,4,0,321,13,29,15,2,394,31,48,2,4,385,10,0,7,0,5,2,0,239,3,17,58,0,134,7,47,14,819,20,18,13,18,0,232,0,5,12,82,484,0,10,0,0,43,10,0,418,7,0,94,5,3,0,0,13,932,112,200,88,21,13,37,0,55,0,7,17,18,148,16,0,24,67,50,6,135,8,21,105,14,0,17,1,62,14,18,1,18,6,27,6,15,171,123,206,76,6,1605,0,188,0,841,38,26,117,60,30,1,105,1,207,4,0,1561,22,160,6,320,33,12,4,410,1226,3,2,423,28,0,50,11,951
1,0,2,15,1,8,1,21,3,0,0,0,0,3,199,7,1,0,5,308,22,5,0,0,170,4,9,31,2,670,19,24,1,4,189,2,0,5,0,3,3,0,89,1,12,37,0,61,4,27,48,411,19,6,2,12,2,129,0,1,15,31,215,0,6,0,0,35,21,0,268,8,94,0,3,3,0,0,5,293,42,50,57,5,6,38,2,27,2,2,9,6,33,3,0,22,46,44,2,69,0,18,45,10,0,19,1,19,9,10,0,9,4,12,4,7,32,18,97,54,3,290,0,64,5,641,29,5,17,24,9,2,52,0,29,5,0,490,8,107,2,129,8,14,1,158,422,4,1,32,23,0,35,14,115
0,0,0,0,0,0,0,0,0,0,0,0,0,0,0,0,0,0,0,5,1,0,0,0,1,0,0,0,0,5,0,0,0,0,8,0,0,0,1,0,0,0,0,0,0,0,0,0,0,0,0,10,0,0,0,0,0,2,1,0,2,0,5,0,0,0,1,16,0,0,5,0,5,3,0,0,0,1,1,7,0,1,1,0,0,2,0,0,0,0,1,0,1,0,0,0,0,2,1,2,0,0,1,1,0,0,0,0,1,0,0,0,1,0,0,0,0,1,4,0,0,2,0,0,0,5,0,0,0,1,0,0,2,0,0,0,0,8,0,2,0,2,0,0,0,4,7,0,0,0,0,0,0,0,0
0,0,0,0,0,0,0,0,0,0,0,0,0,0,2,0,0,0,0,4,0,0,0,0,9,0,0,0,0,3,2,1,0,0,0,0,0,0,0,0,0,0,2,0,0,0,0,2,0,0,0,10,0,0,0,0,0,2,0,0,0,2,1,0,0,0,0,1,0,0,4,0,3,3,0,0,0,0,0,4,0,0,4,0,0,0,0,0,0,0,1,2,0,0,0,1,0,0,0,1,0,0,0,0,0,0,0,1,0,0,0,0,0,0,0,1,0,0,1,0,0,7,0,1,0,10,1,0,0,0,0,0,0,0,0,0,0,18,0,1,0,2,1,0,1,5,17,0,0,0,0,0,1,0,2
0,0,0,0,0,0,0,0,0,0,0,0,0,0,2,0,0,0,0,0,0,0,0,0,1,0,0,0,0,2,0,0,0,0,0,0,0,0,0,0,0,0,0,0,0,0,0,0,0,0,0,2,0,0,0,0,0,0,0,0,0,0,1,0,0,0,0,0,0,0,3,0,0,0,0,0,0,0,0,2,0,0,0,0,0,0,0,0,0,0,0,0,0,0,0,1,0,0,0,0,0,0,0,0,0,0,0,0,0,0,0,0,0,0,0,0,0,0,0,0,0,2,0,0,0,9,0,0,0,0,0,0,0,0,0,0,0,4,0,1,0,0,0,0,1,3,6,0,0,0,0,0,0,0,0
0,0,0,0,0,0,0,0,1,0,0,0,0,0,0,0,0,0,0,1,0,0,0,0,0,0,0,1,0,0,0,0,0,0,3,0,0,0,0,0,0,0,2,0,0,0,0,0,0,1,0,6,0,0,0,0,0,1,0,0,0,0,0,0,0,0,0,2,0,0,2,0,0,0,1,0,0,0,0,1,0,0,0,0,0,0,0,0,0,0,1,2,0,0,0,0,0,0,0,0,0,1,0,0,0,0,0,0,1,1,0,1,0,0,0,0,0,0,0,0,0,0,0,0,0,1,0,0,0,1,0,0,0,0,0,0,0,2,0,1,0,1,0,0,0,0,4,0,0,0,0,0,0,0,0
0,2,0,3,0,2,2,3,0,0,0,0,0,2,86,15,1,0,3,99,5,2,0,0,21,6,1,4,0,44,6,7,0,1,51,3,0,3,0,2,0,0,21,4,7,12,0,18,3,9,16,72,7,4,15,7,1,26,0,0,3,7,21,0,0,0,0,1,4,0,27,1,13,5,1,0,0,0,0,108,4,15,18,1,3,12,0,9,0,0,1,1,6,0,0,5,10,8,1,18,1,3,15,8,0,3,1,11,6,0,0,2,0,2,1,5,4,3,31,2,2,95,0,14,0,73,4,0,4,0,3,0,11,0,8,3,0,93,6,26,0,17,5,10,0,29,89,1,0,4,6,0,7,2,29
1,10,17,218,7,44,49,491,6,0,1,0,0,8,2264,38,15,5,31,7270,39,15,5,0,3658,73,115,85,19,2991,126,124,20,26,2313,31,0,30,3,10,9,0,721,13,84,128,0,409,28,150,58,6703,74,21,33,51,1,1308,0,7,23,955,1888,0,27,0,2,119,33,0,3147,19,932,293,7,4,2,1,108,0,542,663,280,178,24,158,5,412,1,2,123,83,693,47,0,113,445,314,25,1416,23,152,238,62,0,91,7,255,63,43,1,80,10,116,19,72,197,403,851,378,23,7008,0,535,8,8869,423,72,746,333,137,3,208,0,139,41,0,26527,56,568,12,2141,112,48,36,4672,20405,11,6,178,153,0,222,34,764
0,0,0,9,1,4,3,24,1,0,0,0,0,2,126,2,0,0,8,200,5,3,0,0,254,4,7,7,1,170,6,12,0,2,134,2,0,2,0,0,0,0,79,0,13,27,0,60,4,11,9,320,8,10,3,7,0,415,0,1,2,182,277,0,0,0,1,8,3,0,240,5,112,42,0,0,0,0,4,542,0,27,47,12,4,19,1,11,0,0,4,5,34,4,0,16,34,21,2,30,1,7,29,5,0,10,2,10,2,1,0,6,3,7,0,3,14,12,42,62,2,491,0,57,1,459,24,1,32,10,1,0,33,0,45,0,0,822,4,67,0,131,5,2,4,157,737,0,1,26,9,0,17,4,75
0,5,1,11,0,4,5,21,0,0,0,0,0,0,205,6,0,3,9,563,3,1,1,0,161,7,4,10,1,260,15,6,1,5,158,15,0,4,0,3,0,0,48,0,9,26,0,49,2,27,7,609,8,4,5,11,1,133,0,0,2,39,117,0,3,0,0,4,4,0,157,3,200,50,1,0,0,0,15,663,27,0,29,11,6,17,1,50,1,0,3,3,23,33,0,19,33,36,1,117,5,12,43,6,0,10,10,109,4,6,0,10,1,14,2,11,26,37,145,37,1,1048,0,57,0,489,29,2,20,14,12,1,25,1,15,3,0,761,10,80,1,136,29,12,1,213,642,2,6,41,12,0,29,11,269
1,3,0,10,0,25,1,12,0,0,0,0,0,1,144,14,1,1,5,271,12,1,0,0,113,8,6,46,0,183,27,43,2,3,201,0,0,7,0,4,15,5,141,4,22,24,0,75,19,27,18,297,25,12,8,16,10,84,0,4,8,23,142,0,1,0,0,8,10,0,117,28,88,57,1,4,0,0,18,280,47,29,0,4,8,205,4,21,4,13,4,3,23,4,0,23,33,67,4,41,0,12,164,12,0,7,2,24,5,10,0,4,19,23,8,13,21,10,89,27,21,414,0,63,1,339,19,2,7,8,4,0,49,4,39,4,0,411,10,134,3,113,14,10,1,118,408,1,0,25,24,0,49,13,128
0,0,0,1,1,3,22,8,1,0,0,0,0,0,34,0,0,0,0,77,3,0,0,0,53,3,1,3,1,33,3,3,1,0,41,0,0,0,0,1,0,0,24,0,0,4,0,10,3,1,0,91,2,0,1,0,0,25,0,0,0,17,25,0,1,0,0,1,0,0,63,3,21,5,0,0,0,0,1,178,12,11,4,0,0,2,0,8,0,0,1,0,6,2,0,0,6,7,1,24,0,2,4,2,0,0,0,6,0,1,0,1,0,5,0,1,3,7,17,10,2,119,0,7,1,108,10,4,12,2,2,0,5,0,2,3,0,325,1,14,0,34,1,1,4,622,560,0,0,2,2,0,7,1,11
0,3,0,4,1,0,0,3,1,0,0,0,0,6,34,4,1,7,7,59,4,0,0,0,14,1,0,5,0,24,6,3,1,1,23,1,0,3,1,0,2,0,9,1,2,7,0,11,0,8,7,35,4,6,2,2,0,17,0,3,0,0,9,0,3,0,0,3,2,0,14,1,13,6,0,0,0,0,3,24,4,6,8,0,0,6,1,7,0,1,2,0,0,0,0,5,3,9,1,5,0,3,4,2,0,4,1,2,3,4,0,2,0,1,0,3,10,3,19,4,0,26,0,9,0,35,3,3,0,3,4,3,11,0,6,0,0,30,2,19,2,10,3,1,1,15,35,0,0,8,2,0,2,2,22
1,3,3,10,1,8,3,6,0,0,0,0,0,0,169,12,0,0,5,185,7,2,0,0,61,7,5,12,0,110,13,23,1,3,133,3,0,0,1,4,3,1,78,2,5,18,0,44,8,23,17,247,18,3,6,5,6,63,0,1,5,12,65,0,2,0,0,6,4,0,76,8,37,38,2,0,0,0,12,158,19,17,205,2,6,0,1,29,4,4,3,2,18,2,0,24,62,61,2,28,3,16,52,11,0,3,2,11,8,6,0,24,5,7,6,11,20,13,93,20,7,227,0,39,1,168,20,1,9,10,3,1,35,2,15,1,0,251,14,105,1,61,9,5,0,104,206,7,1,19,13,1,24,5,86
0,1,0,1,0,1,0,0,0,0,0,0,0,0,3,1,0,0,0,13,1,0,0,0,2,1,1,1,0,2,1,0,0,0,1,0,0,0,0,1,0,0,4,0,0,1,0,2,0,2,3,10,1,1,0,0,0,1,0,0,0,0,1,0,0,0,0,0,0,0,3,2,0,2,0,0,0,0,0,5,1,1,4,0,1,1,0,4,0,1,0,0,0,0,0,1,1,2,1,2,0,0,2,1,0,2,0,1,0,0,0,1,0,1,0,0,0,1,1,1,0,8,0,1,0,9,0,0,0,1,0,0,2,0,0,0,0,6,0,4,1,0,0,1,0,3,10,0,0,1,0,0,0,0,2
0,4,2,9,0,1,3,19,0,0,0,0,0,6,158,14,1,4,25,1331,17,3,1,0,118,2,6,29,1,193,25,6,2,1,124,6,0,1,3,1,5,0,26,1,6,16,0,29,5,33,4,376,10,4,4,39,0,49,0,0,13,19,44,0,5,0,0,11,8,0,93,5,55,27,0,0,0,0,9,412,11,50,21,8,7,29,4,0,1,1,5,2,32,2,0,9,27,23,0,75,2,36,30,4,0,12,1,16,9,4,0,7,1,7,8,59,29,12,69,16,5,181,0,54,0,382,27,2,10,17,7,1,26,1,12,2,0,381,4,50,2,52,8,6,2,222,450,2,1,13,16,0,11,5,127
0,0,0,0,0,0,0,0,0,0,0,0,0,0,3,0,1,0,0,1,0,0,0,0,3,0,0,2,0,1,1,0,0,0,0,0,0,0,0,0,3,0,3,0,1,0,0,0,2,1,1,2,3,1,0,2,1,1,0,0,1,0,0,0,0,0,0,0,1,0,0,0,0,2,0,0,0,0,0,1,0,1,4,0,0,4,0,1,0,0,0,0,0,0,0,0,1,3,0,1,0,0,2,0,0,0,0,0,0,0,0,0,0,1,4,0,1,0,1,0,0,6,0,0,0,1,1,0,0,0,0,0,1,1,1,0,0,1,1,0,0,0,0,1,0,5,2,0,0,1,1,0,0,0,6
0,2,0,0,0,3,0,1,0,0,0,0,0,0,4,0,0,0,0,4,1,0,0,0,0,0,0,2,2,1,2,0,0,0,8,1,0,0,0,0,4,2,3,0,0,2,0,1,0,2,1,8,1,0,0,0,2,3,0,0,0,0,3,0,1,0,0,0,0,0,0,0,7,2,0,0,0,0,0,2,0,0,13,0,1,4,1,1,0,0,0,1,0,2,0,0,2,3,0,1,0,0,6,1,0,0,0,0,0,1,0,0,1,2,1,1,4,2,3,0,1,11,0,2,0,5,0,0,0,0,0,0,3,0,2,0,0,4,1,4,0,0,2,1,0,5,10,0,0,2,2,0,1,0,6
0,0,1,8,0,0,0,3,0,0,0,0,0,0,27,0,0,0,0,77,1,0,1,0,38,2,31,3,0,29,1,1,0,0,318,0,0,2,0,0,0,0,32,1,3,3,0,9,0,0,1,148,1,1,0,0,0,26,0,1,0,7,30,0,2,0,0,11,1,0,57,0,17,9,1,1,0,1,1,123,4,3,4,1,2,3,0,5,0,0,0,27,25,1,0,3,6,4,0,17,1,3,2,2,0,2,0,3,7,6,0,0,0,6,0,2,11,18,27,9,0,57,0,10,0,97,6,3,19,7,4,1,6,0,2,1,0,260,0,10,0,68,2,0,0,79,204,0,0,0,0,0,74,13,11
0,0,0,6,0,1,0,8,0,0,0,0,0,1,16,0,0,0,0,68,1,0,0,0,22,0,26,3,1,13,0,0,0,0,171,0,0,4,0,0,0,0,20,0,2,1,0,7,0,0,0,109,1,0,0,2,0,21,0,2,3,9,22,0,2,0,0,16,0,0,36,0,18,6,0,2,0,2,1,83,5,3,3,0,0,2,0,2,0,1,27,0,9,1,0,3,8,1,4,12,0,7,0,2,0,3,0,5,13,15,1,3,1,3,1,2,9,8,45,8,0,51,0,11,0,67,6,4,8,4,4,1,3,0,1,0,0,168,2,12,1,45,1,1,1,38,132,0,0,3,6,0,30,94,8
0,1,19,350,1,4,1,29,4,0,0,0,0,0,130,5,0,0,5,290,8,1,0,0,205,9,13,12,2,141,8,14,4,4,316,1,0,4,2,0,3,0,65,0,5,13,0,32,5,17,8,400,6,4,2,3,0,90,0,3,3,62,261,0,11,1,0,44,5,0,194,3,148,33,1,0,0,0,6,693,34,23,23,6,0,18,0,32,0,0,25,9,0,1,0,10,38,26,1,94,3,21,24,4,0,12,1,13,9,5,1,8,1,8,2,8,83,162,93,19,2,312,0,44,0,441,24,255,827,706,178,10,17,0,12,4,0,1064,1,60,0,159,10,6,3,421,1006,1,0,13,11,0,20,3,182
0,0,1,1,1,0,0,0,0,0,0,0,0,1,15,1,0,2,1,30,0,0,0,0,9,0,1,3,2,14,3,3,0,0,13,6,0,0,0,0,1,0,8,1,1,1,0,2,1,0,1,26,0,0,2,3,0,7,0,0,2,1,9,0,0,0,0,0,1,0,10,0,16,3,0,0,0,0,0,47,4,33,4,2,0,2,0,2,0,2,1,1,1,0,0,2,5,2,1,1,0,0,8,1,0,3,9,39,0,0,1,1,0,2,0,3,17,1,22,1,0,245,0,2,0,31,1,0,3,2,1,0,1,0,1,0,0,45,4,8,0,11,71,1,1,14,41,0,3,7,1,0,2,2,30
0,0,0,0,0,0,0,0,0,0,0,0,0,0,0,0,0,0,0,1,0,0,0,0,0,0,0,0,0,2,0,0,0,0,0,0,0,0,0,0,1,0,0,0,0,0,0,0,0,0,0,2,0,0,0,0,0,0,0,0,0,0,1,0,1,0,0,1,0,0,0,0,0,0,0,0,0,0,0,0,0,0,0,0,0,0,0,0,0,0,0,0,0,0,0,0,0,1,0,0,0,1,0,0,0,0,0,1,0,0,0,0,0,1,1,0,0,0,1,2,0,1,0,0,0,1,0,0,0,0,0,0,0,0,0,0,0,0,0,0,1,0,0,0,0,0,0,0,0,0,0,0,0,0,2
0,2,2,10,0,3,0,10,1,0,0,0,0,3,90,8,0,0,7,121,3,0,0,0,20,4,9,7,0,74,6,20,1,1,100,0,0,0,0,7,0,0,75,4,8,9,0,30,3,37,37,335,3,13,5,4,0,51,0,1,0,7,35,0,3,0,0,15,3,0,64,1,24,22,0,1,1,0,5,113,16,19,23,0,5,24,1,9,0,0,3,3,10,2,0,0,20,25,0,17,1,3,8,22,0,7,0,6,5,3,0,5,1,3,1,2,5,7,56,9,0,72,0,26,3,139,8,2,7,4,4,0,23,0,8,0,0,163,10,92,4,40,1,32,1,57,150,3,0,6,5,0,7,4,22
0,2,2,24,0,13,1,16,0,0,0,0,0,1,480,2,3,1,8,354,8,2,1,0,222,21,4,17,0,214,6,27,1,2,199,0,0,1,0,3,1,0,126,1,23,11,0,50,1,26,10,642,17,3,7,4,0,134,0,1,1,45,117,0,6,0,0,14,5,0,210,4,67,46,0,0,0,0,10,445,34,33,33,6,3,62,1,27,1,2,6,8,38,5,0,20,0,50,2,62,10,10,29,14,0,9,0,12,8,6,0,17,0,9,5,2,20,27,132,40,4,344,0,65,0,508,23,5,49,26,8,0,28,0,23,4,0,716,12,146,0,169,3,16,3,216,612,0,0,15,15,0,26,10,76
0,2,1,15,2,10,3,23,0,0,0,0,0,4,262,11,1,1,5,367,7,1,1,0,140,17,6,15,1,217,15,40,2,1,147,1,0,2,0,0,1,1,115,1,16,16,0,49,4,32,20,461,19,5,3,10,0,111,0,1,6,24,84,0,3,0,0,6,2,0,148,0,50,44,2,0,0,0,8,314,21,36,67,7,9,61,2,23,3,3,4,1,26,2,1,25,50,0,2,50,5,17,34,23,0,3,0,16,7,4,0,11,0,7,3,10,20,12,68,36,4,261,0,62,1,385,30,3,30,14,10,0,31,2,16,5,0,492,4,189,4,105,5,10,1,167,419,5,0,18,17,0,20,5,83
0,0,0,1,0,0,0,1,0,0,0,0,0,0,8,0,0,0,0,20,1,0,0,0,5,1,0,0,1,6,2,0,0,3,24,0,0,1,0,0,0,0,3,0,2,0,0,5,1,2,0,15,2,0,0,0,0,6,0,0,0,1,9,0,0,0,0,4,0,0,3,1,6,2,1,0,0,0,1,25,2,1,4,1,1,2,1,0,0,0,0,4,1,1,0,0,2,2,0,38,0,0,5,2,0,0,0,4,0,0,0,0,1,1,0,1,1,1,8,2,1,19,0,3,0,23,0,1,2,2,1,0,3,0,1,0,0,32,3,2,0,6,1,2,2,30,85,0,0,0,1,0,3,1,7
0,5,4,60,0,5,4,70,0,0,0,0,0,2,326,10,1,2,8,1010,20,3,1,0,310,13,14,20,1,409,20,13,53,29,427,6,0,5,6,2,4,0,99,5,16,35,0,71,4,47,12,758,21,5,5,12,1,154,0,2,6,71,184,0,12,0,1,38,15,0,297,6,135,69,2,1,0,0,18,1416,30,117,41,24,5,28,2,75,1,1,17,12,94,1,0,17,62,50,38,0,5,40,35,13,0,16,3,49,20,8,0,17,2,23,3,17,38,68,205,49,3,581,0,92,2,800,57,13,93,67,17,1,43,0,31,4,0,1613,12,116,3,278,28,12,17,1173,3236,4,2,20,39,0,37,4,130
0,0,0,2,0,2,0,3,0,0,0,0,0,0,35,1,0,0,1,25,0,0,1,0,12,5,0,0,0,8,1,0,0,0,14,0,0,0,0,1,0,0,11,0,2,1,0,5,1,3,2,48,0,0,0,0,0,7,0,0,1,0,4,0,1,0,0,1,0,0,17,0,8,0,0,0,0,0,1,23,1,5,0,0,0,3,0,2,0,0,1,0,3,0,0,1,10,5,0,5,0,1,2,0,0,0,0,0,4,0,0,1,0,0,0,0,1,3,6,1,0,14,0,3,0,27,2,0,8,2,0,0,1,0,2,0,0,58,0,4,0,10,0,0,0,7,34,0,0,1,0,0,0,0,0
0,3,3,13,0,2,0,9,0,0,0,0,0,0,61,1,1,2,1,116,20,1,0,0,49,0,6,27,1,38,35,7,0,1,64,1,0,2,0,0,1,0,9,0,4,3,0,13,5,8,7,113,5,3,1,13,1,25,0,1,18,4,34,0,2,0,0,10,2,0,51,1,21,18,0,0,0,1,3,152,7,12,12,2,3,16,0,36,0,0,3,7,21,0,1,3,10,17,0,40,1,0,139,2,0,4,1,9,3,0,0,3,3,4,5,16,25,10,22,9,4,73,0,15,0,113,9,8,15,12,4,1,17,0,5,1,0,158,5,34,1,37,4,1,0,109,170,0,0,11,7,0,2,0,46
0,3,0,2,0,9,4,12,0,0,0,0,0,0,117,10,0,4,8,213,9,1,1,0,79,4,8,17,2,160,479,17,0,1,114,2,0,3,0,2,10,0,52,1,8,18,0,44,21,28,11,211,34,8,5,21,3,81,0,0,3,19,110,0,2,0,0,6,7,0,80,14,105,45,1,0,0,0,15,238,29,43,164,4,4,52,2,30,2,6,2,0,24,8,0,8,29,34,5,35,2,139,0,9,0,4,0,17,2,4,0,6,12,12,8,17,34,15,69,32,24,355,0,46,0,243,14,0,13,7,6,0,51,1,42,2,0,263,14,89,0,81,11,7,1,117,312,3,3,44,34,0,28,5,158
0,1,0,4,0,4,1,11,0,0,0,0,0,0,53,6,0,0,1,54,3,1,0,0,18,3,1,6,0,37,5,57,1,0,33,0,0,0,0,11,0,0,67,3,3,14,0,38,3,23,23,145,7,1,3,3,0,35,0,0,0,3,24,0,2,0,0,0,3,0,21,1,14,10,1,0,0,0,8,62,5,6,12,2,2,11,1,4,0,1,2,2,4,1,0,22,14,23,2,13,0,2,9,0,0,0,0,4,0,1,0,2,0,1,0,2,5,2,15,14,0,37,0,15,5,76,10,1,2,3,2,0,21,0,5,0,0,91,7,45,2,13,3,23,0,23,72,13,0,4,4,0,3,0,9
0,0,0,0,0,0,0,0,0,0,0,0,0,0,0,0,0,0,0,0,0,0,0,0,0,0,0,0,0,1,0,0,0,0,0,0,0,0,0,0,0,0,0,0,0,0,0,0,0,0,0,0,0,0,0,0,0,0,0,0,0,0,0,0,0,0,0,0,0,0,0,0,0,0,0,0,0,0,0,0,0,0,0,0,0,0,0,0,0,0,0,0,0,0,0,0,0,0,0,0,0,0,0,0,0,0,0,0,0,0,0,0,0,0,0,0,0,0,0,0,0,0,0,0,0,1,0,0,0,0,0,0,0,0,0,0,0,0,0,0,0,0,0,0,0,0,1,0,0,0,0,0,0,0,0
0,0,0,8,2,1,0,4,4,0,1,0,0,0,43,1,0,1,2,97,4,3,0,0,74,2,4,2,1,68,3,3,2,0,38,1,0,1,0,1,0,0,26,2,1,8,0,8,0,8,3,143,3,0,1,0,0,26,0,2,2,10,30,0,0,0,0,4,14,0,83,0,17,19,0,0,0,0,3,91,10,10,7,0,4,3,2,12,0,0,2,3,12,3,0,7,9,3,0,16,0,4,4,0,0,0,0,2,1,2,0,2,1,3,0,2,9,9,16,6,1,66,0,11,0,332,7,5,12,4,0,3,7,0,3,0,0,179,2,21,0,31,2,1,1,52,144,0,0,4,2,0,6,1,15
0,4,0,0,0,1,0,1,0,0,0,0,0,0,4,1,0,0,0,7,2,0,0,0,1,0,1,0,0,4,0,1,0,0,3,13,0,0,0,0,0,0,0,0,0,1,0,2,0,1,2,4,2,0,0,1,0,3,0,0,0,0,4,0,0,0,0,0,1,0,2,0,1,1,0,0,0,0,1,7,2,10,2,0,1,2,0,1,0,0,0,0,1,9,0,0,0,0,0,3,0,1,0,0,0,0,0,12,0,0,0,0,0,1,0,0,4,0,39,1,0,133,0,1,0,4,0,0,0,1,0,0,3,0,1,0,0,18,0,3,0,1,26,1,0,4,10,0,1,1,0,0,0,0,8
0,4,0,1,0,5,2,9,0,1,0,0,0,1,81,3,0,0,2,175,5,2,0,0,58,1,1,3,2,95,14,11,2,2,78,35,0,0,0,1,3,0,26,1,3,3,0,9,3,8,4,157,7,3,3,5,1,54,0,1,0,11,39,0,2,0,0,3,6,0,40,2,62,19,0,1,0,0,11,255,10,109,24,6,2,11,1,16,0,0,3,5,13,39,1,6,12,16,4,49,0,9,17,4,0,2,12,0,2,4,3,5,0,7,4,7,23,19,70,26,3,1816,0,21,2,156,7,0,8,7,2,0,20,0,18,1,0,279,8,44,1,37,226,7,0,110,305,0,13,20,21,0,7,8,150
