Almonds,Aloo Chips,Badi,Banana Chips,Bhakarwadi,Bhakarwadi Namkeen,Bhakri,Bhel Namkeen,Bhelpuri,Bhujia,Boondi Namkeen,Cashews,Chakli,Chana,Chana Jor,Cheese Balls,Cheese Cracker,Chips,Chivda Namkeen,Cocktail Nuts,Combo,Cookies,Corn,Corn Chips,Crisps,Dal,Dal Namkeen,Dried Mango,Flakes,Flavoured Almonds,Flavoured Cashew,Flax Seeds,Fryums,Gift Pack,Green Peas,Kachori,Kaju Badam,Khakhra,Khakhra Namkeen,Khari,Lachha,Makhana,Masala Kaju,Mathi,Mathri,Mathri Namkeen,Methi Mathi,Mix,Mixture,Mixture Namkeen,Murukku,Murukku Namkeen,Nacho,Nachos,Nachos & Salsa,Namak Para,Namakpara,Namkeen,Namkeen Mixture,Nuts,Pani Puri,Papad,Peanut Namkeen,Peanuts,Pita Chips,Popcorn,Potato Chips,Potato Stick,Potato Wafers,Puffs,Samosa,Seeds,Sev,Sevpuri,Snack,Soya Chips,Soya Sticks,Soyabeans,Sticks,Straws,Sweet Corn,Taco Shell,Taco Shells,Thattai,Trail Mix,Tub,Walnuts
0,1,0,21,0,6,0,9,2,22,4,98,4,8,1,5,0,74,1,43,4,0,0,0,43,0,6,5,2,13,4,3,0,0,12,1,2,5,0,0,0,89,1,0,4,0,0,10,0,20,0,5,0,29,12,0,1,71,0,4,0,7,53,0,2,19,83,0,1,20,4,13,1,1,42,0,0,3,2,1,0,0,0,0,8,0,0
1,0,8,258,5,18,0,75,5,273,68,1,0,21,3,64,0,734,11,7,29,0,9,0,772,0,51,4,3,1,1,0,1,0,2,0,0,7,6,0,257,113,0,16,37,6,5,9,241,155,1,73,0,179,51,0,22,725,0,0,1,134,189,0,9,131,1058,2,138,349,8,4,15,5,15,0,16,3,2,2,2,1,2,0,3,2,0
0,8,0,51,8,22,0,67,2,173,55,1,0,24,3,10,0,124,5,5,3,0,2,0,150,0,34,0,1,0,3,0,0,0,4,0,0,7,7,0,10,18,0,16,39,17,8,3,3,131,0,75,0,73,11,0,11,412,1,0,0,39,165,0,0,50,166,0,10,62,14,1,21,2,8,0,3,2,0,0,0,0,2,0,2,0,0
21,258,51,0,54,932,11,1322,69,2747,753,40,393,282,43,688,2,7944,782,74,335,1,12,0,7826,0,932,11,17,28,29,12,2,0,39,42,17,428,20,8,101,1269,3,42,235,62,23,67,37,2066,32,1134,0,2415,446,1,43,7473,12,16,19,1259,2237,2,73,1736,13122,2,171,3487,49,42,688,22,241,133,282,37,110,21,2,14,14,2,29,7,0
0,5,8,54,0,21,1,57,0,140,32,2,0,16,3,5,0,127,3,2,14,0,1,0,144,0,19,1,0,0,0,0,0,0,1,0,0,8,5,2,4,38,0,28,37,18,11,1,1,119,1,75,0,56,12,0,37,375,3,0,0,38,140,0,1,38,163,0,19,54,22,1,11,3,9,0,2,2,6,0,0,0,0,0,1,1,0
6,18,22,932,21,0,4,790,25,1320,409,6,245,99,8,121,1,1161,426,16,84,1,0,0,1596,0,482,2,4,9,2,1,1,0,18,167,14,343,17,8,16,239,4,17,188,47,9,12,6,1034,23,809,0,685,92,1,11,3581,5,1,7,390,1166,0,18,421,2059,2,28,612,59,10,292,12,66,43,46,3,45,2,1,1,4,0,5,2,0
0,0,0,11,1,4,0,9,2,10,6,1,3,4,0,3,0,12,3,0,1,0,0,0,17,0,2,1,0,0,0,0,0,0,1,0,0,60,0,1,0,8,0,1,3,1,0,0,0,7,0,1,0,10,0,0,0,31,0,0,1,36,8,0,0,12,26,0,2,12,0,0,3,1,2,2,0,0,2,0,0,0,0,0,0,0,0
9,75,67,1322,57,790,9,0,111,7980,2236,20,169,391,25,397,1,6631,649,44,387,1,6,0,8263,0,1859,8,17,22,17,12,7,0,24,98,4,382,41,4,114,973,4,43,462,125,10,72,14,5049,19,1008,0,2789,433,0,36,15931,22,7,28,1542,5080,1,40,2427,10122,10,95,3463,32,30,846,43,188,122,239,19,89,16,7,20,12,1,26,5,1
2,5,2,69,0,25,2,111,0,93,16,3,10,9,9,16,0,294,15,7,20,0,2,0,237,0,21,3,5,10,4,0,0,0,6,2,2,43,1,0,11,196,1,0,6,0,1,9,0,53,1,30,0,76,48,0,1,296,3,5,28,52,65,1,4,93,263,0,1,125,1,12,9,43,37,3,4,5,11,8,0,1,1,0,8,1,0
22,273,173,2747,140,1320,10,7980,93,0,6173,49,239,1246,51,940,2,17875,997,51,649,2,8,0,20737,0,8154,12,31,60,36,11,24,0,55,107,17,568,71,7,356,1729,6,99,1327,390,56,117,65,18165,29,2213,0,6015,748,1,145,41818,38,9,18,5650,14329,0,54,5433,26445,16,218,7924,70,31,2276,24,330,110,411,33,113,17,7,24,16,0,40,10,0
4,68,55,753,32,409,6,2236,16,6173,0,14,86,547,9,217,0,4029,173,20,153,0,5,0,4659,0,1354,0,8,8,8,11,11,0,25,36,5,140,10,4,46,477,2,27,420,110,20,48,14,3682,4,716,0,1395,133,1,30,12305,4,3,11,2720,3840,0,10,1700,6716,7,64,2069,17,15,663,9,96,30,87,9,22,2,4,5,6,1,11,4,0
98,1,1,40,2,6,1,20,3,49,14,0,1,9,5,4,0,102,7,39,4,0,0,0,77,0,12,3,1,66,1,0,0,0,8,0,2,9,0,1,3,98,0,0,6,1,0,10,0,55,0,16,0,40,10,0,4,145,1,3,0,20,113,0,1,35,153,1,2,35,4,10,3,0,44,1,1,1,1,0,0,0,0,0,9,0,1
4,0,0,393,0,245,3,169,10,239,86,1,0,71,1,42,0,328,99,6,21,0,0,0,523,0,109,1,0,5,0,1,0,0,3,30,7,190,0,8,0,78,3,1,9,1,0,1,0,240,8,206,0,182,27,2,0,928,0,0,4,124,261,1,4,175,764,0,0,173,8,5,103,4,36,27,17,0,34,1,0,0,0,2,2,3,0
8,21,24,282,16,99,4,391,9,1246,547,9,71,0,53,44,0,921,50,16,41,0,4,0,1034,0,417,1,6,19,4,15,4,0,16,10,1,101,7,0,20,359,0,11,119,45,7,32,7,899,4,190,0,317,46,0,12,3384,3,3,2,566,1522,1,4,469,1441,1,38,494,6,13,129,6,58,8,22,32,19,3,1,4,2,0,11,0,1
1,3,3,43,3,8,0,25,9,51,9,5,1,53,0,4,0,163,2,10,5,1,0,0,70,0,9,2,45,2,3,11,0,0,11,0,1,11,1,0,7,164,0,0,6,1,0,17,2,26,0,9,0,43,11,0,1,213,26,3,1,25,57,0,4,48,116,0,2,54,1,13,5,1,31,0,3,78,14,0,1,0,1,0,38,0,0
5,64,10,688,5,121,3,397,16,940,217,4,42,44,4,0,0,4559,49,15,189,0,2,0,7657,0,213,4,6,6,7,1,3,0,7,10,3,69,6,3,20,361,1,3,54,10,2,20,8,388,2,152,0,1771,307,0,6,2208,1,7,4,324,765,1,32,1032,7035,3,25,3316,6,11,98,4,67,37,764,2,34,6,0,9,7,0,4,8,1
0,0,0,2,0,1,0,1,0,2,0,0,0,0,0,0,0,4,0,0,1,1,0,0,3,0,0,0,1,0,0,0,0,0,0,0,0,1,0,0,0,4,0,3,0,0,0,0,0,0,0,0,0,2,0,0,0,3,0,0,0,0,1,0,0,2,1,0,0,0,0,1,0,0,1,0,1,1,0,0,0,0,0,0,0,0,0
74,734,124,7944,127,1161,12,6631,294,17875,4029,102,328,921,163,4559,4,0,716,209,2647,9,22,0,94638,0,3434,33,132,159,124,38,24,0,174,77,18,871,46,4,345,7133,3,102,898,247,55,426,68,8586,30,1955,1,24870,3707,0,110,37817,82,58,53,4819,15554,16,730,12849,144952,19,340,34749,78,136,1170,40,1073,200,2208,156,519,146,21,105,87,0,136,39,1
1,11,5,782,3,426,3,649,15,997,173,7,99,50,2,49,0,716,0,15,40,0,2,0,901,0,430,1,1,5,3,1,3,0,9,30,16,180,9,2,19,151,1,6,48,13,1,10,16,1075,13,355,0,281,42,0,4,2292,8,5,3,389,462,0,8,274,1388,3,15,339,25,8,421,6,50,17,28,3,26,3,0,0,2,0,1,0,0
43,7,5,74,2,16,0,44,7,51,20,39,6,16,10,15,0,209,15,0,10,1,0,0,109,0,18,8,4,23,5,0,0,0,23,2,0,8,1,1,0,166,0,4,9,0,4,44,3,60,1,25,0,96,31,0,3,246,3,11,0,25,170,1,3,67,268,0,3,65,6,46,11,6,228,3,4,7,1,1,1,1,2,0,13,1,1
4,29,3,335,14,84,1,387,20,649,153,4,21,41,5,189,1,2647,40,10,0,0,0,0,2675,0,117,2,10,14,10,3,1,0,10,6,1,56,4,0,22,316,0,9,35,13,1,30,1,323,3,107,0,1611,835,0,4,1598,5,4,5,230,653,0,55,716,3560,0,19,1263,4,6,59,5,48,18,86,7,52,3,1,21,15,0,7,3,1
0,0,0,1,0,1,0,1,0,2,0,0,0,0,1,0,1,9,0,1,0,0,0,0,1,0,0,0,0,0,0,0,1,0,0,0,0,0,0,0,0,1,0,5,0,0,0,1,0,0,2,0,0,2,0,0,0,4,0,1,0,2,1,0,0,0,1,0,0,0,0,0,0,0,0,0,0,1,0,0,0,0,0,0,2,0,0
0,9,2,12,1,0,0,6,2,8,5,0,0,4,0,2,0,22,2,0,0,0,0,0,21,0,3,0,0,0,0,0,0,0,1,0,0,1,0,0,5,20,0,1,1,1,4,3,4,11,0,10,0,5,4,0,4,36,0,6,0,2,16,0,0,5,20,0,8,17,2,1,0,1,5,0,0,0,0,0,0,0,0,0,0,0,0
0,0,0,0,0,0,0,0,0,0,0,0,0,0,0,0,0,0,0,0,0,0,0,0,0,0,0,0,0,0,0,0,0,0,0,0,0,0,0,0,0,0,0,0,0,0,0,0,0,0,0,0,0,0,0,0,0,0,0,0,0,0,0,0,0,0,0,0,0,0,0,0,0,0,0,0,0,0,0,0,0,0,0,0,0,0,0
43,772,150,7826,144,1596,17,8263,237,20737,4659,77,523,1034,70,7657,3,94638,901,109,2675,1,21,0,0,0,4089,18,70,99,100,19,33,0,110,115,16,878,69,7,326,4814,17,79,975,274,39,246,59,9948,39,2291,0,30618,3714,0,101,47730,36,30,36,5572,14547,3,384,14955,144245,28,327,55948,83,89,1484,53,646,373,3083,79,454,94,31,92,81,1,74,49,2
0,0,0,0,0,0,0,0,0,0,0,0,0,0,0,0,0,0,0,0,0,0,0,0,0,0,0,0,0,0,0,0,0,0,0,0,0,0,0,0,0,0,0,0,0,0,0,0,0,0,0,0,0,0,0,0,0,0,0,0,0,0,0,0,0,0,0,0,0,0,0,0,0,0,0,0,0,0,0,0,0,0,0,0,0,0,0
6,51,34,932,19,482,2,1859,21,8154,1354,12,109,417,9,213,0,3434,430,18,117,0,3,0,4089,0,0,1,6,17,12,3,4,0,28,31,11,214,17,1,85,379,1,17,333,78,12,25,14,4336,13,697,0,1255,123,0,17,10784,9,3,8,1086,3997,0,9,1233,5772,6,56,1751,23,15,618,11,94,41,85,10,31,4,2,1,3,1,4,2,1
5,4,0,11,1,2,1,8,3,12,0,3,1,1,2,4,0,33,1,8,2,0,0,0,18,0,1,0,2,2,0,0,0,0,5,0,0,5,0,0,0,25,0,1,1,0,0,4,1,6,0,6,0,9,4,0,0,25,2,3,1,9,9,0,1,12,29,1,1,11,0,11,3,2,12,0,0,2,2,2,0,0,1,0,2,0,0
2,3,1,17,0,4,0,17,5,31,8,1,0,6,45,6,1,132,1,4,10,0,0,0,70,0,6,2,0,4,1,8,0,0,3,0,0,7,0,0,3,105,0,3,6,0,0,8,1,12,0,5,0,27,9,0,1,111,26,1,1,26,23,0,1,28,93,0,1,51,1,6,1,0,20,0,3,32,14,6,1,0,0,0,20,0,0
13,1,0,28,0,9,0,22,10,60,8,66,5,19,2,6,0,159,5,23,14,0,0,0,99,0,17,2,4,0,40,1,0,0,4,0,0,15,1,0,4,159,0,1,7,1,1,27,0,40,1,16,0,72,18,0,1,157,3,3,0,22,84,0,5,49,177,0,1,64,0,8,8,0,27,2,2,6,8,3,0,0,0,0,12,0,0
4,1,3,29,0,2,0,17,4,36,8,1,0,4,3,7,0,124,3,5,10,0,0,0,100,0,12,0,1,40,0,0,0,0,1,0,0,1,1,0,3,127,0,2,7,2,1,10,1,32,0,5,0,48,12,0,2,136,1,3,0,11,50,0,1,32,136,0,3,60,0,5,3,0,12,0,1,2,2,2,0,1,0,0,1,1,0
3,0,0,12,0,1,0,12,0,11,11,0,1,15,11,1,0,38,1,0,3,0,0,0,19,0,3,0,8,1,0,0,1,0,1,0,0,3,0,0,1,37,0,1,1,0,0,4,0,11,0,1,0,10,3,0,1,44,2,2,0,12,14,0,1,14,40,0,1,13,1,5,0,0,2,0,1,19,1,0,0,0,0,0,15,0,0
0,1,0,2,0,1,0,7,0,24,11,0,0,4,0,3,0,24,3,0,1,1,0,0,33,0,4,0,0,0,0,1,0,0,1,0,0,5,1,0,1,2,0,0,0,1,0,0,0,11,0,6,0,8,1,0,0,47,0,0,0,141,10,0,0,14,36,0,1,13,0,0,4,1,1,0,1,0,0,0,0,0,0,0,0,1,0
0,0,0,0,0,0,0,0,0,0,0,0,0,0,0,0,0,0,0,0,0,0,0,0,0,0,0,0,0,0,0,0,0,0,0,0,0,0,0,0,0,0,0,0,0,0,0,0,0,0,0,0,0,0,0,0,0,0,0,0,0,0,0,0,0,0,0,0,0,0,0,0,0,0,0,0,0,0,0,0,0,0,0,0,0,0,0
12,2,4,39,1,18,1,24,6,55,25,8,3,16,11,7,0,174,9,23,10,0,1,0,110,0,28,5,3,4,1,1,1,0,0,2,1,17,1,0,5,97,0,2,7,2,2,20,1,32,0,16,0,56,15,0,5,210,2,4,0,29,86,0,3,63,191,0,5,53,1,35,8,3,122,2,4,9,8,0,0,1,1,0,5,1,0
1,0,0,42,0,167,0,98,2,107,36,0,30,10,0,10,0,77,30,2,6,0,0,0,115,0,31,0,0,0,0,0,0,0,2,0,2,44,0,0,0,19,0,0,1,0,0,0,0,61,3,22,0,43,5,0,0,250,1,0,1,26,86,0,0,35,136,0,0,43,4,2,22,1,12,9,4,0,4,1,0,0,1,0,1,0,0
2,0,0,17,0,14,0,4,2,17,5,2,7,1,1,3,0,18,16,0,1,0,0,0,16,0,11,0,0,0,0,0,0,0,1,2,0,2,0,0,0,2,0,0,2,0,0,0,0,18,4,0,0,8,1,0,0,38,0,0,0,8,11,0,0,4,26,0,0,8,3,0,5,0,0,0,0,0,1,0,0,0,0,0,1,0,0
5,7,7,428,8,343,60,382,43,568,140,9,190,101,11,69,1,871,180,8,56,0,1,0,878,0,214,5,7,15,1,3,5,0,17,44,2,0,13,6,5,436,2,10,54,6,5,10,1,324,11,181,0,431,68,0,7,1605,6,3,8,537,404,0,15,392,1119,0,10,418,20,14,161,10,63,21,22,3,59,10,1,1,2,0,8,4,0
0,6,7,20,5,17,0,41,1,71,10,0,0,7,1,6,0,46,9,1,4,0,0,0,69,0,17,0,0,1,1,0,1,0,1,0,0,13,0,0,2,20,0,4,6,11,2,1,1,40,0,24,0,33,4,0,3,177,0,0,0,43,53,0,0,20,91,1,1,38,0,0,14,2,4,0,2,1,0,1,0,1,0,0,1,0,0
0,0,0,8,2,8,1,4,0,7,4,1,8,0,0,3,0,4,2,1,0,0,0,0,7,0,1,0,0,0,0,0,0,0,0,0,0,6,0,0,0,6,1,0,0,0,0,0,0,10,0,3,0,1,0,1,0,25,0,0,0,4,5,0,0,4,9,0,0,2,0,0,4,0,0,2,0,0,1,0,0,0,0,0,0,0,0
0,257,10,101,4,16,0,114,11,356,46,3,0,20,7,20,0,345,19,0,22,0,5,0,326,0,85,0,3,4,3,1,1,0,5,0,0,5,2,0,0,69,0,16,29,11,8,7,243,282,0,67,0,90,35,0,17,620,0,0,3,104,170,0,5,92,519,1,82,185,5,3,40,2,22,0,11,3,4,0,0,2,2,0,2,0,0
89,113,18,1269,38,239,8,973,196,1729,477,98,78,359,164,361,4,7133,151,166,316,1,20,0,4814,0,379,25,105,159,127,37,2,0,97,19,2,436,20,6,69,0,3,26,173,43,7,241,24,915,5,405,0,2389,540,0,29,5714,54,74,35,814,1833,6,52,2287,7102,4,70,2565,23,105,161,34,523,30,161,149,170,71,5,16,7,0,149,12,3
1,0,0,3,0,4,0,4,1,6,2,0,3,0,0,1,0,3,1,0,0,0,0,0,17,0,1,0,0,0,0,0,0,0,0,0,0,2,0,1,0,3,0,0,0,0,0,0,0,4,0,1,0,5,2,0,0,13,0,0,0,1,13,0,0,5,20,0,0,6,1,0,1,0,0,0,3,0,2,0,0,0,0,0,0,1,0
0,16,16,42,28,17,1,43,0,99,27,0,1,11,0,3,3,102,6,4,9,5,1,0,79,0,17,1,3,1,2,1,0,0,2,0,0,10,4,0,16,26,0,0,49,16,33,1,3,71,9,44,0,35,6,0,59,237,1,0,0,32,81,1,0,18,129,2,21,43,18,0,7,0,12,0,3,3,4,0,0,0,0,0,0,0,0
4,37,39,235,37,188,3,462,6,1327,420,6,9,119,6,54,0,898,48,9,35,0,1,0,975,0,333,1,6,7,7,1,0,0,7,1,2,54,6,0,29,173,0,49,0,88,27,19,9,1002,10,570,0,334,34,0,52,3581,2,0,0,348,1086,0,3,264,1347,3,51,407,38,5,113,4,33,0,10,7,4,0,1,1,2,0,3,1,0
0,6,17,62,18,47,1,125,0,390,110,1,1,45,1,10,0,247,13,0,13,0,1,0,274,0,78,0,0,1,2,0,1,0,2,0,0,6,11,0,11,43,0,16,88,0,10,5,3,283,1,131,0,89,14,0,25,996,0,0,1,94,316,0,4,79,350,2,9,102,14,1,22,2,12,0,6,2,2,0,2,0,0,0,2,1,0
0,5,8,23,11,9,0,10,1,56,20,0,0,7,0,2,0,55,1,4,1,0,4,0,39,0,12,0,0,1,1,0,0,0,2,0,0,5,2,0,8,7,0,33,27,10,0,1,1,41,0,28,0,20,4,0,47,144,0,0,0,13,52,0,1,15,74,0,7,27,17,0,3,1,2,0,0,1,0,0,0,0,0,0,1,0,0
10,9,3,67,1,12,0,72,9,117,48,10,1,32,17,20,0,426,10,44,30,1,3,0,246,0,25,4,8,27,10,4,0,0,20,0,0,10,1,0,7,241,0,1,19,5,1,0,3,80,0,28,0,218,61,0,4,413,8,10,3,57,328,1,4,98,464,1,10,161,2,31,8,1,103,0,8,17,5,3,1,0,2,0,21,1,1
0,241,3,37,1,6,0,14,0,65,14,0,0,7,2,8,0,68,16,3,1,0,4,0,59,0,14,1,1,0,1,0,0,0,1,0,0,1,1,0,243,24,0,3,9,3,1,3,0,61,0,12,0,18,2,0,2,106,0,0,0,27,38,0,1,20,109,0,27,31,0,0,7,0,5,0,1,0,0,0,0,1,0,0,0,0,0
20,155,131,2066,119,1034,7,5049,53,18165,3682,55,240,899,26,388,0,8586,1075,60,323,0,11,0,9948,0,4336,6,12,40,32,11,11,0,32,61,18,324,40,10,282,915,4,71,1002,283,41,80,61,0,30,1717,0,2874,338,0,97,28342,28,7,13,3472,8681,0,27,2863,13136,12,137,3699,80,40,1857,23,190,49,204,27,67,5,4,5,10,0,18,3,3
0,1,0,32,1,23,0,19,1,29,4,0,8,4,0,2,0,30,13,1,3,2,0,0,39,0,13,0,0,1,0,0,0,0,0,3,4,11,0,0,0,5,0,9,10,1,0,0,0,30,0,9,0,14,1,0,0,73,1,0,0,12,30,0,0,12,62,0,0,16,11,0,12,2,3,0,0,0,0,0,0,0,0,3,0,0,0
5,73,75,1134,75,809,1,1008,30,2213,716,16,206,190,9,152,0,1955,355,25,107,0,10,0,2291,0,697,6,5,16,5,1,6,0,16,22,0,181,24,3,67,405,1,44,570,131,28,28,12,1717,9,0,0,936,127,0,57,6392,15,2,8,610,1977,1,12,646,3250,5,95,971,27,22,381,9,125,22,62,10,38,2,1,1,6,0,9,4,0
0,0,0,0,0,0,0,0,0,0,0,0,0,0,0,0,0,1,0,0,0,0,0,0,0,0,0,0,0,0,0,0,0,0,0,0,0,0,0,0,0,0,0,0,0,0,0,0,0,0,0,0,0,0,1,0,0,0,0,0,0,0,0,0,1,0,0,0,0,0,0,0,0,0,0,0,0,0,0,0,0,0,0,0,0,0,0
29,179,73,2415,56,685,10,2789,76,6015,1395,40,182,317,43,1771,2,24870,281,96,1611,2,5,0,30618,0,1255,9,27,72,48,10,8,0,56,43,8,431,33,1,90,2389,5,35,334,89,20,218,18,2874,14,936,0,0,2698,0,21,13134,24,16,9,1891,6866,2,143,6041,38086,11,114,10606,44,49,527,21,483,95,672,30,167,33,11,93,53,0,41,22,2
12,51,11,446,12,92,0,433,48,748,133,10,27,46,11,307,0,3707,42,31,835,0,4,0,3714,0,123,4,9,18,12,3,1,0,15,5,1,68,4,0,35,540,2,6,34,14,4,61,2,338,1,127,1,2698,0,0,5,1686,5,5,6,265,851,0,202,948,4670,1,21,1624,4,14,44,7,112,17,129,8,52,4,0,34,11,0,9,8,0
0,0,0,1,0,1,0,0,0,1,1,0,2,0,0,0,0,0,0,0,0,0,0,0,0,0,0,0,0,0,0,0,0,0,0,0,0,0,0,1,0,0,0,0,0,0,0,0,0,0,0,0,0,0,0,0,0,4,0,0,0,1,1,0,0,0,0,0,0,0,0,0,0,0,0,0,0,0,0,0,0,0,0,0,0,0,0
1,22,11,43,37,11,0,36,1,145,30,4,0,12,1,6,0,110,4,3,4,0,4,0,101,0,17,0,1,1,2,1,0,0,5,0,0,7,3,0,17,29,0,59,52,25,47,4,2,97,0,57,0,21,5,0,0,299,1,0,1,36,121,0,1,40,137,0,33,56,22,3,11,1,6,0,1,1,2,0,0,2,0,0,1,1,0
71,725,412,7473,375,3581,31,15931,296,41818,12305,145,928,3384,213,2208,3,37817,2292,246,1598,4,36,0,47730,0,10784,25,111,157,136,44,47,0,210,250,38,1605,177,25,620,5714,13,237,3581,996,144,413,106,28342,73,6392,0,13134,1686,4,299,0,122,44,64,8636,28768,9,158,10683,57352,34,602,20239,230,220,3941,94,1249,260,1014,151,420,69,22,56,46,2,139,19,6
0,0,1,12,3,5,0,22,3,38,4,1,0,3,26,1,0,82,8,3,5,0,0,0,36,0,9,2,26,3,1,2,0,0,2,1,0,6,0,0,0,54,0,1,2,0,0,8,0,28,1,15,0,24,5,0,1,122,0,3,0,13,31,3,0,7,51,0,2,33,0,3,1,0,17,0,1,17,4,5,0,0,1,0,25,0,0
4,0,0,16,0,1,0,7,5,9,3,3,0,3,3,7,0,58,5,11,4,1,6,0,30,0,3,3,1,3,3,2,0,0,4,0,0,3,0,0,0,74,0,0,0,0,0,10,0,7,0,2,0,16,5,0,0,44,3,0,0,4,13,0,1,27,46,0,1,31,0,5,2,2,21,0,3,5,4,2,0,0,0,0,3,0,0
0,1,0,19,0,7,1,28,28,18,11,0,4,2,1,4,0,53,3,0,5,0,0,0,36,0,8,1,1,0,0,0,0,0,0,1,0,8,0,0,3,35,0,0,0,1,0,3,0,13,0,8,0,9,6,0,1,64,0,0,0,34,16,0,1,19,52,0,4,18,0,0,14,33,4,2,1,1,5,1,0,0,0,0,1,1,0
7,134,39,1259,38,390,36,1542,52,5650,2720,20,124,566,25,324,0,4819,389,25,230,2,2,0,5572,0,1086,9,26,22,11,12,141,0,29,26,8,537,43,4,104,814,1,32,348,94,13,57,27,3472,12,610,0,1891,265,1,36,8636,13,4,34,0,2527,0,24,2891,7817,3,93,2456,18,22,625,23,143,34,126,20,49,12,7,10,7,1,27,3,0
53,189,165,2237,140,1166,8,5080,65,14329,3840,113,261,1522,57,765,1,15554,462,170,653,1,16,0,14547,0,3997,9,23,84,50,14,10,0,86,86,11,404,53,5,170,1833,13,81,1086,316,52,328,38,8681,30,1977,0,6866,851,1,121,28768,31,13,16,2527,0,8,54,3561,22530,12,272,5847,67,64,894,31,601,79,330,55,113,14,8,18,18,0,40,8,3
0,0,0,2,0,0,0,1,1,0,0,0,1,1,0,1,0,16,0,1,0,0,0,0,3,0,0,0,0,0,0,0,0,0,0,0,0,0,0,0,0,6,0,1,0,0,0,1,0,0,0,1,0,2,0,0,0,9,3,0,0,0,8,0,0,2,4,0,0,4,0,2,0,0,3,0,0,1,0,0,0,0,0,0,1,0,0
2,9,0,73,1,18,0,40,4,54,10,1,4,4,4,32,0,730,8,3,55,0,0,0,384,0,9,1,1,5,1,1,0,0,3,0,0,15,0,0,5,52,0,0,3,4,1,4,1,27,0,12,1,143,202,0,1,158,0,1,1,24,54,0,0,80,501,0,0,195,1,3,8,3,12,5,15,1,12,3,0,5,2,0,2,1,0
19,131,50,1736,38,421,12,2427,93,5433,1700,35,175,469,48,1032,2,12849,274,67,716,0,5,0,14955,0,1233,12,28,49,32,14,14,0,63,35,4,392,20,4,92,2287,5,18,264,79,15,98,20,2863,12,646,0,6041,948,0,40,10683,7,27,19,2891,3561,2,80,0,19357,7,89,6383,23,55,451,17,280,64,385,35,128,27,27,26,29,2,47,56,2
83,1058,166,13122,163,2059,26,10122,263,26445,6716,153,764,1441,116,7035,1,144952,1388,268,3560,1,20,0,144245,0,5772,29,93,177,136,40,36,0,191,136,26,1119,91,9,519,7102,20,129,1347,350,74,464,109,13136,62,3250,0,38086,4670,0,137,57352,51,46,52,7817,22530,4,501,19357,0,46,505,53929,128,168,2142,66,1285,448,3164,114,537,100,37,124,102,4,115,53,4
0,2,0,2,0,2,0,10,0,16,7,1,0,1,0,3,0,19,3,0,0,0,0,0,28,0,6,1,0,0,0,0,0,0,0,0,0,0,1,0,1,4,0,2,3,2,0,1,0,12,0,5,0,11,1,0,0,34,0,0,0,3,12,0,0,7,46,0,2,9,0,0,0,0,0,0,0,0,1,0,0,0,0,0,0,0,0
1,138,10,171,19,28,2,95,1,218,64,2,0,38,2,25,0,340,15,3,19,0,8,0,327,0,56,1,1,1,3,1,1,0,5,0,0,10,1,0,82,70,0,21,51,9,7,10,27,137,0,95,0,114,21,0,33,602,2,1,4,93,272,0,0,89,505,2,0,147,8,6,16,2,12,0,8,5,4,1,0,0,0,0,2,0,0
20,349,62,3487,54,612,12,3463,125,7924,2069,35,173,494,54,3316,0,34749,339,65,1263,0,17,0,55948,0,1751,11,51,64,60,13,13,0,53,43,8,418,38,2,185,2565,6,43,407,102,27,161,31,3699,16,971,0,10606,1624,0,56,20239,33,31,18,2456,5847,4,195,6383,53929,9,147,0,37,63,589,18,346,167,1207,66,225,66,14,52,38,0,55,21,1
4,8,14,49,22,59,0,32,1,70,17,4,8,6,1,6,0,78,25,6,4,0,2,0,83,0,23,0,1,0,0,1,0,0,1,4,3,20,0,0,5,23,1,18,38,14,17,2,0,80,11,27,0,44,4,0,22,230,0,0,0,18,67,0,1,23,128,0,8,37,0,2,21,3,6,0,1,0,3,0,0,0,1,0,2,0,0
13,4,1,42,1,10,0,30,12,31,15,10,5,13,13,11,1,136,8,46,6,0,1,0,89,0,15,11,6,8,5,5,0,0,35,2,0,14,0,0,3,105,0,0,5,1,0,31,0,40,0,22,0,49,14,0,3,220,3,5,0,22,64,2,3,55,168,0,6,63,2,0,12,2,108,2,3,10,6,4,0,0,0,0,9,0,0
1,15,21,688,11,292,3,846,9,2276,663,3,103,129,5,98,0,1170,421,11,59,0,0,0,1484,0,618,3,1,8,3,0,4,0,8,22,5,161,14,4,40,161,1,7,113,22,3,8,7,1857,12,381,0,527,44,0,11,3941,1,2,14,625,894,0,8,451,2142,0,16,589,21,12,0,24,43,22,44,2,27,3,0,3,1,0,2,2,0
1,5,2,22,3,12,1,43,43,24,9,0,4,6,1,4,0,40,6,6,5,0,1,0,53,0,11,2,0,0,0,0,1,0,3,1,0,10,2,0,2,34,0,0,4,2,1,1,0,23,2,9,0,21,7,0,1,94,0,2,33,23,31,0,3,17,66,0,2,18,3,2,24,0,10,3,1,0,5,0,0,1,1,0,2,0,0
42,15,8,241,9,66,2,188,37,330,96,44,36,58,31,67,1,1073,50,228,48,0,5,0,646,0,94,12,20,27,12,2,1,0,122,12,0,63,4,0,22,523,0,12,33,12,2,103,5,190,3,125,0,483,112,0,6,1249,17,21,4,143,601,3,12,280,1285,0,12,346,6,108,43,10,0,7,24,28,36,5,0,4,3,0,24,2,0
0,0,0,133,0,43,2,122,3,110,30,1,27,8,0,37,0,200,17,3,18,0,0,0,373,0,41,0,0,2,0,0,0,0,2,9,0,21,0,2,0,30,0,0,0,0,0,0,0,49,0,22,0,95,17,0,0,260,0,0,2,34,79,0,5,64,448,0,0,167,0,2,22,3,7,0,18,0,6,2,0,0,4,0,1,1,0
0,16,3,282,2,46,0,239,4,411,87,1,17,22,3,764,1,2208,28,4,86,0,0,0,3083,0,85,0,3,2,1,1,1,0,4,4,0,22,2,0,11,161,3,3,10,6,0,8,1,204,0,62,0,672,129,0,1,1014,1,3,1,126,330,0,15,385,3164,0,8,1207,1,3,44,1,24,18,0,2,17,2,1,5,3,0,1,2,0
3,3,2,37,2,3,0,19,5,33,9,1,0,32,78,2,1,156,3,7,7,1,0,0,79,0,10,2,32,6,2,19,0,0,9,0,0,3,1,0,3,149,0,3,7,2,1,17,0,27,0,10,0,30,8,0,1,151,17,5,1,20,55,1,1,35,114,0,5,66,0,10,2,0,28,0,2,0,7,1,0,0,0,0,26,0,0
2,2,0,110,6,45,2,89,11,113,22,1,34,19,14,34,0,519,26,1,52,0,0,0,454,0,31,2,14,8,2,1,0,0,8,4,1,59,0,1,4,170,2,4,4,2,0,5,0,67,0,38,0,167,52,0,2,420,4,4,5,49,113,0,12,128,537,1,4,225,3,6,27,5,36,6,17,7,0,9,1,2,2,0,10,1,0
1,2,0,21,0,2,0,16,8,17,2,0,1,3,0,6,0,146,3,1,3,0,0,0,94,0,4,2,6,3,2,0,0,0,0,1,0,10,1,0,0,71,0,0,0,0,0,3,0,5,0,2,0,33,4,0,0,69,5,2,1,12,14,0,3,27,100,0,1,66,0,4,3,0,5,2,2,1,9,0,1,0,0,0,4,0,0
0,2,0,2,0,1,0,7,0,7,4,0,0,1,1,0,0,21,0,1,1,0,0,0,31,0,2,0,1,0,0,0,0,0,0,0,0,1,0,0,0,5,0,0,1,2,0,1,0,4,0,1,0,11,0,0,0,22,0,0,0,7,8,0,0,27,37,0,0,14,0,0,0,0,0,0,1,0,1,1,0,1,0,0,0,1,0
0,1,0,14,0,1,0,20,1,24,5,0,0,4,0,9,0,105,0,1,21,0,0,0,92,0,1,0,0,0,1,0,0,0,1,0,0,1,1,0,2,16,0,0,1,0,0,0,1,5,0,1,0,93,34,0,2,56,0,0,0,10,18,0,5,26,124,0,0,52,0,0,3,1,4,0,5,0,2,0,1,0,21,0,0,0,0
0,2,2,14,0,4,0,12,1,16,6,0,0,2,1,7,0,87,2,2,15,0,0,0,81,0,3,1,0,0,0,0,0,0,1,1,0,2,0,0,2,7,0,0,2,0,0,2,0,10,0,6,0,53,11,0,0,46,1,0,0,7,18,0,2,29,102,0,0,38,1,0,1,1,3,4,3,0,2,0,0,21,0,0,1,0,0
0,0,0,2,0,0,0,1,0,0,1,0,2,0,0,0,0,0,0,0,0,0,0,0,1,0,1,0,0,0,0,0,0,0,0,0,0,0,0,0,0,0,0,0,0,0,0,0,0,0,3,0,0,0,0,0,0,2,0,0,0,1,0,0,0,2,4,0,0,0,0,0,0,0,0,0,0,0,0,0,0,0,0,0,0,0,0
8,3,2,29,1,5,0,26,8,40,11,9,2,11,38,4,0,136,1,13,7,2,0,0,74,0,4,2,20,12,1,15,0,0,5,1,1,8,1,0,2,149,0,0,3,2,1,21,0,18,0,9,0,41,9,0,1,139,25,3,1,27,40,1,2,47,115,0,2,55,2,9,2,2,24,1,1,26,10,4,0,0,1,0,0,0,0
0,2,0,7,1,2,0,5,1,10,4,0,3,0,0,8,0,39,0,1,3,0,0,0,49,0,2,0,0,0,1,0,1,0,1,0,0,4,0,0,0,12,1,0,1,1,0,1,0,3,0,4,0,22,8,0,1,19,0,0,1,3,8,0,1,56,53,0,0,21,0,0,2,0,2,1,2,0,1,0,1,0,0,0,0,0,0
0,0,0,0,0,0,0,1,0,0,0,1,0,1,0,1,0,1,0,1,1,0,0,0,2,0,1,0,0,0,0,0,0,0,0,0,0,0,0,0,0,3,0,0,0,0,0,1,0,3,0,0,0,2,0,0,0,6,0,0,0,0,3,0,0,2,4,0,0,1,0,0,0,0,0,0,0,0,0,0,0,0,0,0,0,0,0
